4.43872 2.22831
4.43401 2.22961
4.42885 2.23129
4.42341 2.23298
4.41778 2.23477
4.41206 2.23688
4.40613 2.2389
4.40015 2.24103
4.39396 2.2432
4.38765 2.24521
4.38112 2.24728
4.37443 2.24948
4.36754 2.25176
4.36051 2.25422
4.35319 2.25688
4.34566 2.25953
4.33804 2.26227
4.33024 2.26507
4.32196 2.26786
4.31356 2.2708
4.30481 2.27401
4.29602 2.27739
4.28672 2.28081
4.27669 2.28409
4.26591 2.28717
4.25473 2.29018
4.24335 2.29361
4.23203 2.29716
4.22036 2.30114
4.20861 2.3059
4.1967 2.31079
4.1844 2.3152
4.17121 2.31952
4.15738 2.3236
4.14322 2.32764
4.12883 2.33146
4.11392 2.33489
4.09878 2.33881
4.08333 2.34318
4.06736 2.34759
4.05106 2.35243
4.03397 2.3576
4.01689 2.36327
3.99971 2.369
3.98164 2.37433
3.96321 2.37956
3.9445 2.38527
3.92468 2.39128
3.90474 2.39673
3.8849 2.40262
3.86547 2.40968
3.84531 2.41632
3.82489 2.42263
3.80441 2.42993
3.78379 2.43727
3.76318 2.44466
3.74271 2.45286
3.72165 2.46165
3.69995 2.47006
3.67819 2.47854
3.6555 2.48717
3.63206 2.4953
3.6078 2.50312
3.58225 2.51163
3.55628 2.52104
3.53021 2.53116
3.5038 2.54171
3.47729 2.55285
3.45117 2.56405
3.42515 2.57576
3.39839 2.58708
3.37194 2.59817
3.34539 2.60901
3.31821 2.61925
3.29053 2.62895
3.26362 2.63864
3.23638 2.64744
3.20957 2.65629
3.18311 2.66449
3.15631 2.67246
3.13042 2.68057
3.10394 2.68825
3.07791 2.69556
3.05149 2.70269
3.02515 2.71029
2.99861 2.71737
2.97217 2.72526
2.94636 2.73374
2.91999 2.74275
2.89396 2.75217
2.86824 2.76182
2.8418 2.77218
2.81589 2.78257
2.78998 2.79384
2.76301 2.80556
2.73551 2.81728
2.70727 2.82831
2.67873 2.83876
2.64973 2.85001
2.61996 2.85973
2.58979 2.86943
2.55992 2.87841
2.53062 2.88714
2.50077 2.8958
2.4705 2.9052
2.44037 2.91423
2.41003 2.92421
2.3802 2.93473
2.35059 2.9461
2.32125 2.95716
2.29096 2.96863
2.26011 2.98021
2.22854 2.98991
2.19711 2.99947
2.16542 3.0091
2.1328 3.01838
2.09833 3.02827
2.06421 3.03998
2.0298 3.05147
1.99502 3.06412
1.95913 3.07647
1.92359 3.08912
1.8871 3.10219
1.84977 3.1154
1.81192 3.12801
1.7728 3.14109
1.73339 3.15379
1.69369 3.1671
1.65373 3.18077
1.61338 3.19406
1.57283 3.20705
1.53173 3.22103
1.48935 3.23444
1.44712 3.24839
1.40395 3.2625
1.36055 3.27634
1.31554 3.29032
1.27055 3.30405
1.22585 3.3186
1.18158 3.33376
1.137 3.349
1.09216 3.36453
1.04736 3.38153
1.00177 3.39699
0.955352 3.41198
0.909173 3.42676
0.863031 3.44171
0.816473 3.45602
0.769964 3.47048
0.723914 3.48595
0.677781 3.50183
0.631051 3.51713
0.584599 3.53315
0.537336 3.54992
0.488898 3.56549
0.407178 3.56657
0.356449 3.57708
0.310439 3.60047
0.258151 3.61566
0.20989 3.6288
0.159643 3.6414
0.109084 3.65764
0.0602321 3.67127
0.00634336 3.68666
-0.040183 3.70011
-0.0919953 3.71351
-0.14117 3.73358
-0.190688 3.7522
-0.239356 3.76617
-0.290904 3.78145
-0.341206 3.79628
-0.387482 3.8143
-0.443564 3.82564
-0.494618 3.8394
-0.544717 3.85089
-0.578105 3.8891
-0.629146 3.90238
-0.679735 3.91584
-0.729833 3.92908
-0.779447 3.94343
-0.827637 3.95687
-0.875784 3.96888
-0.925038 3.98114
-0.973996 3.99356
-1.02171 4.00609
-1.06938 4.01923
-1.11575 4.03221
-1.16188 4.04521
-1.20763 4.0587
-1.25331 4.07257
-1.2978 4.08531
-1.34112 4.09769
-1.38452 4.11037
-1.42778 4.12277
-1.47142 4.13533
-1.51529 4.14816
-1.55821 4.16209
-1.60114 4.1765
-1.64401 4.19011
-1.68772 4.20365
-1.73081 4.21657
-1.77347 4.22944
-1.81543 4.24047
-1.85689 4.25163
-1.89792 4.26396
-1.93985 4.27675
-1.9808 4.28939
-2.02172 4.30309
-2.06323 4.31656
-2.10441 4.33047
-2.14467 4.34467
-2.18558 4.35807
-2.22737 4.37103
-2.26997 4.38368
-2.31283 4.39535
-2.3562 4.40655
-2.39993 4.4176
-2.44415 4.42881
-2.48856 4.43969
-2.53239 4.45173
-2.57633 4.4644
-2.62031 4.47711
-2.66368 4.48931
-2.70584 4.50178
-2.74756 4.51425
-2.79024 4.52727
-2.83334 4.53931
-2.87588 4.55154
-2.91847 4.56284
-2.96183 4.57414
-3.00612 4.58419
-3.05155 4.59552
-3.09681 4.60798
-3.14203 4.62045
-3.18715 4.6325
-3.22213 4.63185
-3.26346 4.64186
-3.30713 4.65157
-3.35265 4.66668
-3.39682 4.67598
-3.44185 4.68642
-3.4865 4.69796
-3.53178 4.71336
-3.57392 4.72706
-3.61849 4.73896
-3.66276 4.75334
-3.70787 4.76375
-3.75257 4.77729
-3.79904 4.79078
-3.84536 4.80445
-3.88785 4.82007
-3.93635 4.83342
-3.98221 4.84722
-4.0299 4.86096
-4.08021 4.87362
-4.12774 4.8884
-4.17761 4.89922
-4.22585 4.90935
-4.27488 4.92036
-4.3226 4.93856
-4.3741 4.95479
-4.42268 4.96396
-4.47379 4.97241
-4.52549 4.99947
-4.5759 5.01125
-4.6291 5.02305
-4.67885 5.03414
-4.73345 5.04533
-4.78342 5.05667
-4.83356 5.07216
-4.87988 5.08644
-4.92774 5.0965
-4.97811 5.10435
-5.0277 5.12423
-5.07626 5.14074
-5.12583 5.15665
-5.17845 5.16901
-5.22823 5.17882
-5.27969 5.18876
-5.33305 5.19614
-5.38241 5.20977
-5.43136 5.22108
-5.47985 5.23883
-5.52919 5.25742
-5.57908 5.2732
-5.62861 5.28957
-5.67755 5.30626
-5.72443 5.31921
-5.77399 5.33429
-5.82574 5.35351
-5.87406 5.37224
-5.9242 5.38457
-5.97514 5.40149
-6.02449 5.41267
-6.07574 5.42735
-6.12992 5.43899
-6.18344 5.45126
-6.23585 5.46601
-6.29066 5.48059
-6.33966 5.49241
-6.39295 5.50625
-6.44284 5.51525
-6.49881 5.5273
-6.54974 5.54229
-6.60306 5.55499
-6.65576 5.56706
-6.70943 5.57234
-6.76326 5.59267
-6.81546 5.60253
-6.86622 5.61215
-6.91756 5.62568
-6.97 5.63407
-7.01592 5.64811
-7.06453 5.65787
-7.11551 5.66989
-7.16347 5.68059
-7.21386 5.69202
-7.26035 5.70588
-7.30878 5.71532
-7.3547 5.72744
-7.39871 5.74452
-7.44778 5.76908
-7.49413 5.77856
-7.54179 5.78925
-7.58865 5.80095
-7.63835 5.81651
-7.68365 5.8302
-7.72961 5.84368
-7.77692 5.85269
-7.82381 5.8627
-7.87024 5.87634
-7.91521 5.89011
-7.96399 5.9027
-8.00904 5.91539
-8.05457 5.92549
-8.09916 5.9404
-8.14134 5.95066
-8.18465 5.9584
-8.23086 5.97532
-8.27368 5.98961
-8.32022 6.00557
-8.36464 6.01764
-8.40858 6.02617
-8.45486 6.03716
-8.49926 6.04595
-8.54743 6.05634
-8.5916 6.07144
-8.63863 6.08329
-8.68608 6.09476
-8.73354 6.1011
-8.77952 6.11158
-8.82521 6.12489
-8.86876 6.13379
-8.91308 6.14448
-8.95847 6.15098
-9.00234 6.15801
-9.04616 6.17355
-9.09209 6.18469
-9.13992 6.191
-9.18857 6.20115
-9.23079 6.21349
-9.27101 6.2314
-9.315 6.24287
-9.35436 6.25242
-9.39491 6.26634
-9.43341 6.27438
-9.47083 6.28897
-9.51059 6.30855
-9.54757 6.32512
-9.58517 6.33729
-9.62628 6.34414
-9.66685 6.35016
-9.70562 6.35941
-9.74995 6.37262
-9.79179 6.3827
-9.83133 6.3959
-9.87123 6.40659
-9.91094 6.41245
-9.95195 6.42079
-9.99083 6.4326
-10.0298 6.44191
-10.0689 6.45199
-10.1085 6.46006
-10.1508 6.47342
-10.19 6.48808
-10.2274 6.49556
-10.2686 6.50322
-10.309 6.51268
-10.3458 6.52202
-10.3849 6.53154
-10.4241 6.54119
-10.4619 6.55128
-10.5033 6.5626
-10.5457 6.5734
-10.5859 6.58186
-10.6271 6.58662
-10.6683 6.59736
-10.7131 6.61068
-10.7561 6.62016
-10.797 6.62643
-10.844 6.63192
-10.8897 6.63725
-10.9317 6.64417
-10.976 6.65529
-11.0212 6.66354
-11.0644 6.67272
-11.1065 6.67755
-11.1496 6.68532
-11.1925 6.69558
-11.2336 6.71462
-11.2722 6.73464
-11.3117 6.74797
-11.3521 6.75734
-11.3935 6.76803
-11.4343 6.78032
-11.4705 6.79603
-11.5052 6.80953
-11.5385 6.81607
-11.5731 6.82085
-11.6094 6.82797
-11.6478 6.8343
-11.684 6.83995
-11.721 6.8473
-11.7529 6.852
-11.785 6.86105
-11.8181 6.87121
-11.8558 6.87887
-11.8918 6.88422
-11.9254 6.89191
-11.9569 6.90127
-11.9889 6.90898
-12.0226 6.91364
-12.0591 6.9212
-12.0941 6.93084
-12.1293 6.93954
-12.1644 6.95129
-12.1998 6.96208
-12.2343 6.96956
-12.2714 6.97729
-12.3098 6.98618
-12.3466 6.99279
-12.3792 7.00141
-12.4167 7.02101
-12.4525 7.03071
-12.488 7.03833
-12.527 7.04662
-12.5679 7.05771
-12.6093 7.07016
-12.6516 7.08008
-12.6921 7.08521
-12.7338 7.09201
-12.7754 7.0956
-12.8175 7.09641
-12.8603 7.10031
-12.901 7.10455
-12.941 7.10822
-12.9811 7.11428
-13.0224 7.12329
-13.0634 7.13622
-13.1038 7.14863
-13.1448 7.16094
-13.1881 7.16974
-13.2305 7.18385
-13.2745 7.19159
-13.3191 7.19896
-13.3624 7.20703
-13.4008 7.21529
-13.443 7.22684
-13.4871 7.23748
-13.5276 7.2464
-13.5669 7.2601
-13.6071 7.2699
-13.6472 7.27977
-13.6892 7.28786
-13.7271 7.29785
-13.7672 7.31238
-13.8073 7.32663
-13.8471 7.33675
-13.8892 7.35099
-13.9299 7.36396
-13.9717 7.37312
-14.0167 7.38567
-14.0595 7.39457
-14.1059 7.40499
-14.1537 7.41583
-14.1999 7.42218
-14.2451 7.4277
-14.2898 7.44421
-14.3359 7.45496
-14.3773 7.46747
-14.4203 7.48061
-14.4648 7.49242
-14.5114 7.49962
-14.5595 7.50725
-14.6047 7.52093
-14.65 7.53102
-14.6997 7.53851
-14.7447 7.54542
-14.7884 7.55674
-14.8337 7.56871
-14.8804 7.57407
-14.9287 7.58198
-14.9748 7.58988
-15.0182 7.59967
-15.0648 7.61585
-15.1094 7.62256
-15.1546 7.63527
-15.2046 7.64849
-15.2535 7.65818
-15.2984 7.67119
-15.3484 7.68387
-15.3953 7.69599
-15.4443 7.70097
-15.4913 7.71645
-15.5355 7.72963
-15.5847 7.74047
-15.6324 7.7498
-15.6784 7.76322
-15.7244 7.77681
-15.7732 7.78706
-15.8203 7.7957
-15.8705 7.80764
-15.9218 7.81451
-15.9757 7.82266
-16.0275 7.8287
-16.0802 7.83798
-16.1327 7.84693
-16.1827 7.85681
-16.2359 7.86808
-16.2859 7.8797
-16.3362 7.8909
-16.3878 7.90271
-16.438 7.91616
-16.4841 7.9229
-16.5363 7.93201
-16.5843 7.94013
-16.6349 7.95058
-16.6842 7.95917
-16.7312 7.97044
-16.7819 7.98186
-16.8257 7.98638
-16.8754 7.9991
-16.9236 8.01068
-16.9712 8.02192
-17.0229 8.03666
-17.0683 8.04593
-17.113 8.05379
-17.1578 8.06675
-17.2056 8.07789
-17.249 8.08901
-17.2931 8.0968
-17.339 8.10636
-17.3846 8.11637
-17.4291 8.12572
-17.4765 8.13537
-17.5213 8.14527
-17.5673 8.15448
-17.6135 8.16205
-17.6612 8.17383
-17.7075 8.18326
-17.7514 8.19249
-17.8016 8.20132
-17.8479 8.21009
-17.8913 8.21582
-17.9504 8.22358
-17.9987 8.23333
-18.0477 8.2418
-18.0956 8.25233
-18.1433 8.26472
-18.1884 8.27255
-18.2333 8.28231
-18.2806 8.29237
-18.3228 8.29965
-18.368 8.30827
-18.4151 8.31612
-18.4617 8.32455
-18.5078 8.33567
-18.5503 8.34643
-18.5962 8.35466
-18.6414 8.36226
-18.6832 8.37044
-18.7296 8.38014
-18.773 8.38899
-18.8149 8.40013
-18.8606 8.41029
-18.9076 8.41676
-18.9519 8.42259
-18.9943 8.43085
-19.0392 8.44027
-19.0806 8.44728
-19.1228 8.45139
-19.1696 8.45744
-19.2122 8.46209
-19.2544 8.46932
-19.2995 8.47982
-19.3407 8.48852
-19.3811 8.49946
-19.4232 8.50948
-19.4661 8.51913
-19.5095 8.52887
-19.5503 8.5391
-19.5907 8.54254
-19.6356 8.54959
-19.677 8.55738
-19.7165 8.56031
-19.7589 8.56504
-19.7994 8.56879
-19.8397 8.57331
-19.88 8.5791
-19.924 8.58503
-19.9648 8.59437
-20.003 8.60897
-20.0468 8.61825
-20.0868 8.62331
-20.1265 8.63112
-20.1688 8.64156
-20.2053 8.64914
-20.2449 8.65302
-20.2872 8.65816
-20.3245 8.6643
-20.3639 8.66916
-20.4052 8.67562
-20.448 8.68601
-20.4885 8.69502
-20.529 8.70541
-20.5694 8.71003
-20.6106 8.71631
-20.6511 8.724
-20.6936 8.72971
-20.7347 8.73772
-20.7731 8.74623
-20.8127 8.7516
-20.8531 8.75527
-20.8924 8.76191
-20.9334 8.76958
-20.9768 8.7761
-21.0157 8.78079
-21.0617 8.78761
-21.1007 8.79399
-21.141 8.80198
-21.1861 8.81
-21.2265 8.81604
-21.2699 8.82108
-21.3135 8.83291
-21.358 8.83949
-21.4047 8.84696
-21.4463 8.85494
-21.4913 8.85835
-21.5381 8.863
-21.5817 8.8669
-21.6281 8.87567
-21.6709 8.87998
-21.7157 8.88807
-21.7612 8.89628
-21.8064 8.90244
-21.8524 8.91501
-21.8959 8.92379
-21.9422 8.93013
-21.9887 8.93871
-22.0345 8.94724
-22.0814 8.96115
-22.1261 8.9655
-22.1694 8.9672
-22.2124 8.97172
-22.2571 8.97546
-22.3012 8.9843
-22.3524 8.99708
-22.3959 9.0064
-22.4472 9.01233
-22.4978 9.01739
-22.5462 9.02652
-22.5937 9.03736
-22.6449 9.04355
-22.693 9.05073
-22.7418 9.06224
-22.79 9.06685
-22.8382 9.0745
-22.8875 9.08053
-22.9362 9.0865
-22.9866 9.09
-23.0351 9.09344
-23.086 9.10049
-23.1304 9.10712
-23.1805 9.11983
-23.23 9.12792
-23.281 9.13341
-23.3351 9.13719
-23.3853 9.14726
-23.4363 9.15738
-23.4855 9.16147
-23.5383 9.16402
-23.5873 9.17297
-23.6402 9.18684
-23.6924 9.19615
-23.7445 9.20171
-23.7997 9.20962
-23.8487 9.2179
-23.9016 9.22579
-23.9508 9.23671
-23.9997 9.23918
-24.0497 9.24071
-24.0997 9.24775
-24.1482 9.25678
-24.1932 9.26177
-24.2437 9.26923
-24.2944 9.28591
-24.3445 9.29333
-24.3904 9.30179
-24.4367 9.30897
-24.483 9.31386
-24.529 9.32207
-24.5752 9.33121
-24.6224 9.33714
-24.669 9.34208
-24.7131 9.34674
-24.7583 9.353
-24.8041 9.35957
-24.8448 9.36621
-24.886 9.37128
-24.9312 9.38191
-24.9701 9.38886
-25.0092 9.39344
-25.057 9.40198
-25.098 9.40744
-25.1402 9.41756
-25.1809 9.42519
-25.2226 9.42567
-25.2667 9.42887
-25.3049 9.43132
-25.3404 9.43178
-25.3787 9.43387
-25.4187 9.43897
-25.4573 9.44356
-25.4964 9.44817
-25.5328 9.45015
-25.5694 9.45431
-25.6079 9.46079
-25.6459 9.4716
-25.6854 9.47593
-25.7226 9.47933
-25.7612 9.48477
-25.7993 9.49045
-25.8397 9.49572
-25.8775 9.49815
-25.9133 9.50026
-25.9512 9.50767
-25.9904 9.51415
-26.028 9.52258
-26.0664 9.52589
-26.1061 9.53039
-26.145 9.53762
-26.1842 9.5465
-26.2222 9.55272
-26.2594 9.55841
-26.2959 9.5652
-26.331 9.56826
-26.3666 9.57503
-26.4048 9.58268
-26.4414 9.59022
-26.4769 9.59553
-26.514 9.59749
-26.551 9.60317
-26.585 9.61249
-26.6202 9.61817
-26.6576 9.62151
-26.6922 9.62429
-26.729 9.63128
-26.7661 9.6334
-26.7991 9.6369
-26.8348 9.63962
-26.8709 9.6431
-26.9064 9.64735
-26.9448 9.64855
-26.9828 9.65417
-27.0207 9.6589
-27.0563 9.65932
-27.093 9.66444
-27.1293 9.66807
-27.1596 9.67255
-27.1943 9.67684
-27.2335 9.6806
-27.2696 9.68368
-27.3031 9.69025
-27.3425 9.69708
-27.3757 9.70109
-27.4113 9.70369
-27.4485 9.70782
-27.4854 9.71386
-27.5246 9.72219
-27.5624 9.72698
-27.5985 9.72934
-27.6365 9.73352
-27.6746 9.73856
-27.7118 9.74285
-27.7478 9.74904
-27.7869 9.75748
-27.8273 9.76163
-27.8661 9.76588
-27.9061 9.76799
-27.9435 9.77395
-27.9816 9.78403
-28.0263 9.79375
-28.0654 9.80359
-28.1064 9.81148
-28.1519 9.81548
-28.1953 9.82202
-28.2372 9.83054
-28.2824 9.8392
-28.3278 9.84508
-28.3709 9.84956
-28.4113 9.85943
-28.4535 9.86983
-28.4999 9.87535
-28.5438 9.88168
-28.5939 9.89083
-28.6418 9.90056
-28.6827 9.90474
-28.7284 9.91044
-28.775 9.91429
-28.8186 9.91979
-28.8672 9.92804
-28.917 9.93504
-28.9656 9.94544
-29.0127 9.95129
-29.06 9.95469
-29.1093 9.9603
-29.158 9.97171
-29.2071 9.98047
-29.2588 9.98548
-29.3111 9.99641
-29.3623 10.0032
-29.4129 10.0101
-29.4648 10.0165
-29.5138 10.0269
-29.5658 10.0364
-29.618 10.0429
-29.6715 10.0486
-29.724 10.0626
-29.7737 10.0735
-29.8274 10.0822
-29.8794 10.095
-29.9315 10.1081
-29.9856 10.1218
-30.0379 10.1324
-30.092 10.1416
-30.1447 10.1466
-30.1976 10.1571
-30.2501 10.1735
-30.3074 10.1853
-30.3623 10.1945
-30.417 10.2046
-30.4704 10.2153
-30.5223 10.2269
-30.5745 10.2343
-30.6314 10.2438
-30.6854 10.2499
-30.7363 10.2549
-30.7898 10.2641
-30.8399 10.2672
-30.8902 10.2722
-30.9415 10.2795
-30.9929 10.2869
-31.0474 10.2931
-31.0965 10.3036
-31.1477 10.3137
-31.196 10.3239
-31.2487 10.3352
-31.3005 10.3492
-31.3533 10.3624
-31.4033 10.3741
-31.4552 10.3854
-31.5081 10.3956
-31.56 10.4078
-31.6138 10.4176
-31.6615 10.4298
-31.7085 10.4437
-31.7609 10.455
-31.8142 10.4615
-31.8639 10.4735
-31.9118 10.481
-31.9618 10.4917
-32.0097 10.5019
-32.066 10.5147
-32.1116 10.5313
-32.1616 10.5512
-32.2134 10.563
-32.2595 10.5732
-32.3096 10.5837
-32.3601 10.5913
-32.4076 10.5996
-32.4559 10.6038
-32.5027 10.609
-32.5525 10.6154
-32.6006 10.6169
-32.6506 10.6207
-32.7006 10.6269
-32.7532 10.6341
-32.8 10.6438
-32.846 10.65
-32.892 10.6606
-32.9377 10.6698
-32.9793 10.6816
-33.0205 10.6926
-33.0641 10.7011
-33.1118 10.7107
-33.1579 10.7206
-33.2014 10.7331
-33.2428 10.7416
-33.2842 10.7517
-33.327 10.7569
-33.3704 10.7624
-33.4126 10.7705
-33.4541 10.7811
-33.4951 10.7898
-33.539 10.7982
-33.5835 10.8019
-33.6257 10.808
-33.6669 10.8161
-33.7096 10.8237
-33.7535 10.8333
-33.795 10.8452
-33.8362 10.8582
-33.8781 10.8685
-33.9183 10.8751
-33.9588 10.8859
-34.0017 10.8946
-34.0415 10.898
-34.0845 10.9035
-34.126 10.9112
-34.162 10.9228
-34.2032 10.936
-34.2424 10.944
-34.2786 10.9509
-34.3179 10.9558
-34.357 10.9635
-34.3949 10.9733
-34.4339 10.9822
-34.4715 10.9936
-34.5064 11.0061
-34.5434 11.0184
-34.5824 11.0295
-34.6224 11.0388
-34.6617 11.0455
-34.7017 11.0552
-34.7415 11.0646
-34.7797 11.0685
-34.8178 11.0732
-34.8558 11.0816
-34.8912 11.0841
-34.9286 11.094
-34.9621 11.1038
-34.995 11.105
-35.0325 11.1123
-35.0703 11.1252
-35.1039 11.1312
-35.1414 11.1369
-35.1798 11.1466
-35.2139 11.1539
-35.2465 11.1648
-35.2817 11.1693
-35.3152 11.1689
-35.3478 11.1735
-35.3838 11.1799
-35.4184 11.1882
-35.4512 11.198
-35.4861 11.2033
-35.5208 11.2088
-35.5554 11.2178
-35.5897 11.2285
-35.6243 11.2359
-35.6563 11.2418
-35.6872 11.2485
-35.7197 11.2577
-35.7563 11.2668
-35.7908 11.2769
-35.8229 11.2811
-35.8596 11.2878
-35.8971 11.2958
-35.931 11.2998
-35.9649 11.3076
-35.9998 11.3143
-36.0352 11.32
-36.0694 11.3273
-36.1002 11.3352
-36.1337 11.3386
-36.1674 11.3413
-36.2016 11.3495
-36.2344 11.3583
-36.2669 11.3695
-36.2992 11.3751
-36.3326 11.3851
-36.3647 11.3911
-36.3951 11.3968
-36.4275 11.4028
-36.4595 11.4096
-36.4923 11.4131
-36.5247 11.422
-36.5577 11.4319
-36.588 11.4393
-36.6209 11.446
-36.655 11.4563
-36.6857 11.4654
-36.7135 11.4706
-36.7449 11.4785
-36.7798 11.4901
-36.8115 11.4973
-36.8439 11.5002
-36.8807 11.5084
-36.9155 11.5147
-36.9485 11.5182
-36.9843 11.5207
-37.0204 11.5309
-37.0543 11.5372
-37.0913 11.5422
-37.1298 11.5507
-37.1693 11.5649
-37.2079 11.5763
-37.2443 11.5824
-37.2821 11.589
-37.3228 11.5978
-37.3668 11.6102
-37.4088 11.6168
-37.4516 11.6269
-37.4945 11.6421
-37.5346 11.6484
-37.5803 11.658
-37.6247 11.6647
-37.6657 11.6709
-37.7092 11.6782
-37.7528 11.6827
-37.7987 11.6936
-37.8452 11.7018
-37.8886 11.7085
-37.9357 11.721
-37.9846 11.7334
-38.0354 11.7447
-38.0814 11.7518
-38.1314 11.7592
-38.1809 11.7722
-38.2279 11.7869
-38.282 11.8009
-38.3307 11.8102
-38.3835 11.8239
-38.4308 11.833
-38.4822 11.8458
-38.5332 11.8553
-38.5884 11.8699
-38.6385 11.8785
-38.691 11.8893
-38.7443 11.8993
-38.7973 11.9089
-38.8551 11.9193
-38.911 11.9281
-38.9684 11.9431
-39.0157 11.9559
-39.0745 11.9721
-39.1331 11.9823
-39.1886 11.9992
-39.2436 12.0166
-39.3042 12.0342
-39.3614 12.0464
-39.4192 12.0607
-39.478 12.0722
-39.5408 12.0869
-39.6014 12.1008
-39.6596 12.1108
-39.718 12.1206
-39.7787 12.1331
-39.8407 12.1433
-39.9026 12.1553
-39.9636 12.1679
-40.0227 12.183
-40.0838 12.2022
-40.1445 12.2159
-40.2095 12.2323
-40.2753 12.2473
-40.3399 12.2634
-40.4034 12.2733
-40.4653 12.2882
-40.5288 12.3075
-40.5956 12.3181
-40.6581 12.3319
-40.7256 12.3453
-40.7887 12.3535
-40.8582 12.3658
-40.9208 12.3766
-40.9876 12.3938
-41.0582 12.4054
-41.1259 12.4219
-41.1932 12.4418
-41.2617 12.4536
-41.3262 12.4686
-41.3945 12.4853
-41.4625 12.5027
-41.5293 12.5153
-41.5991 12.5247
-41.665 12.5359
-41.7337 12.5491
-41.8021 12.5634
-41.8695 12.5808
-41.9345 12.5947
-42.0005 12.6072
-42.0634 12.6223
-42.1335 12.6417
-42.1998 12.659
-42.268 12.6769
-42.3376 12.6931
-42.4046 12.7138
-42.4746 12.7252
-42.5436 12.7362
-42.6135 12.7483
-42.6857 12.759
-42.7565 12.7702
-42.8241 12.7867
-42.8924 12.8072
-42.9605 12.8226
-43.0328 12.8375
-43.1018 12.8587
-43.1741 12.8769
-43.2422 12.8887
-43.3115 12.8971
-43.3833 12.9181
-43.454 12.9391
-43.529 12.9536
-43.5995 12.9679
-43.6711 12.9809
-43.7412 12.9975
-43.8116 13.0181
-43.8822 13.0352
-43.9524 13.0513
-44.0222 13.0771
-44.0888 13.0941
-44.156 13.1085
-44.2249 13.1235
-44.2917 13.1364
-44.3602 13.1587
-44.4319 13.1744
-44.5018 13.1838
-44.5742 13.203
-44.6395 13.225
-44.7074 13.2454
-44.777 13.2647
-44.8417 13.2772
-44.9123 13.2885
-44.9855 13.3101
-45.0546 13.3301
-45.1222 13.3503
-45.1869 13.3652
-45.2519 13.3819
-45.3163 13.4085
-45.3844 13.424
-45.4557 13.4388
-45.5246 13.4517
-45.5933 13.4633
-45.6649 13.482
-45.7338 13.5004
-45.8051 13.5141
-45.8753 13.5304
-45.9458 13.5482
-46.0155 13.5634
-46.0856 13.5839
-46.1505 13.599
-46.2156 13.6189
-46.2841 13.6401
-46.3529 13.6558
-46.4211 13.6727
-46.4881 13.6915
-46.5518 13.7077
-46.6167 13.7227
-46.6816 13.7388
-46.7485 13.75
-46.8163 13.7697
-46.8865 13.7841
-46.9543 13.8004
-47.0191 13.8132
-47.0855 13.8313
-47.1521 13.847
-47.2204 13.8557
-47.2929 13.8783
-47.3589 13.8953
-47.4308 13.9078
-47.497 13.9283
-47.5627 13.942
-47.6323 13.9545
-47.6987 13.9676
-47.7701 13.9886
-47.8427 14.0057
-47.9135 14.0221
-47.9802 14.0439
-48.0495 14.0702
-48.1142 14.0874
-48.1847 14.1066
-48.254 14.1316
-48.3216 14.1513
-48.3927 14.1682
-48.4656 14.1911
-48.533 14.2045
-48.6042 14.2172
-48.6747 14.2373
-48.7452 14.2559
-48.8106 14.2669
-48.8801 14.2809
-48.9517 14.2993
-49.0206 14.3194
-49.089 14.3434
-49.157 14.3609
-49.2278 14.3777
-49.2974 14.398
-49.3683 14.4131
-49.442 14.4264
-49.5144 14.4455
-49.5891 14.4531
-49.6623 14.4712
-49.7349 14.4889
-49.8057 14.5123
-49.8761 14.5303
-49.9497 14.5496
-50.0241 14.5698
-50.097 14.592
-50.1691 14.6117
-50.2388 14.6302
-50.3088 14.6492
-50.3807 14.6711
-50.4535 14.6883
-50.5283 14.709
-50.6025 14.7266
-50.679 14.7444
-50.7482 14.7685
-50.8195 14.79
-50.8937 14.8068
-50.9706 14.8227
-51.0445 14.8445
-51.1177 14.862
-51.1916 14.8789
-51.2624 14.8987
-51.335 14.9169
-51.4081 14.9376
-51.4833 14.9533
-51.5604 14.9696
-51.6376 14.9905
-51.7113 15.0167
-51.7857 15.0414
-51.8662 15.0521
-51.9426 15.0683
-52.0155 15.0894
-52.0883 15.1106
-52.161 15.1236
-52.2359 15.1421
-52.3067 15.1632
-52.3786 15.1934
-52.4504 15.2176
-52.5282 15.2394
-52.6029 15.2541
-52.6824 15.2704
-52.7575 15.2877
-52.8289 15.3097
-52.898 15.3319
-52.971 15.3538
-53.0472 15.3764
-53.1256 15.3974
-53.2032 15.4154
-53.2786 15.4247
-53.3533 15.4398
-53.4229 15.4594
-53.4925 15.4761
-53.5647 15.4971
-53.6399 15.5128
-53.7133 15.5268
-53.7838 15.5487
-53.85 15.5688
-53.9173 15.5876
-53.9855 15.6067
-54.0532 15.6287
-54.1218 15.6511
-54.1879 15.6769
-54.2528 15.6996
-54.3215 15.7147
-54.3919 15.7241
-54.4667 15.7327
-54.5406 15.7496
-54.6168 15.7693
-54.686 15.7831
-54.7588 15.7979
-54.8298 15.8148
-54.8968 15.8263
-54.9648 15.8369
-55.0352 15.858
-55.1 15.8762
-55.1698 15.8967
-55.2401 15.9105
-55.3106 15.9253
-55.3836 15.9459
-55.4515 15.9606
-55.521 15.9833
-55.5908 16.0153
-55.6574 16.0385
-55.7265 16.0559
-55.7971 16.0799
-55.8613 16.1006
-55.9279 16.113
-55.9924 16.1311
-56.0566 16.1507
-56.1233 16.1609
-56.1889 16.1678
-56.2557 16.1713
-56.3214 16.1893
-56.39 16.2036
-56.4538 16.215
-56.5191 16.2297
-56.5852 16.2467
-56.6492 16.2592
-56.7181 16.283
-56.7778 16.3017
-56.8367 16.3169
-56.8934 16.3383
-56.9576 16.3616
-57.0209 16.3829
-57.0809 16.4008
-57.146 16.4145
-57.2119 16.4235
-57.2748 16.4378
-57.3424 16.4618
-57.4088 16.4768
-57.4757 16.4887
-57.5372 16.5009
-57.6044 16.5174
-57.6702 16.5315
-57.7387 16.5486
-57.8 16.5668
-57.8565 16.5894
-57.9188 16.6132
-57.9806 16.6268
-58.0473 16.6413
-58.1096 16.6535
-58.1781 16.675
-58.2449 16.6829
-58.3107 16.6975
-58.3759 16.7111
-58.4414 16.7254
-58.5057 16.7436
-58.5704 16.7625
-58.6377 16.7818
-58.7015 16.7994
-58.7635 16.8224
-58.8278 16.8357
-58.8932 16.8539
-58.9587 16.8682
-59.0215 16.8791
-59.085 16.8977
-59.1531 16.9103
-59.2213 16.9246
-59.2848 16.9382
-59.3535 16.9539
-59.4211 16.9695
-59.4899 16.9883
-59.5574 17.0065
-59.6259 17.0293
-59.6884 17.0466
-59.7568 17.0656
-59.8223 17.0862
-59.8862 17.0991
-59.9624 17.107
-60.0295 17.118
-60.0958 17.1369
-60.1643 17.1509
-60.236 17.1609
-60.2982 17.1704
-60.369 17.186
-60.4269 17.2005
-60.4965 17.2186
-60.5716 17.2297
-60.6333 17.2469
-60.7005 17.2731
-60.7694 17.2905
-60.8344 17.3048
-60.9032 17.3207
-60.9739 17.3449
-61.0444 17.3592
-61.1141 17.3748
-61.179 17.39
-61.2473 17.4074
-61.3126 17.428
-61.383 17.4415
-61.4555 17.4616
-61.5282 17.4715
-61.5985 17.4815
-61.6686 17.4999
-61.7355 17.5204
-61.8003 17.5358
-61.8648 17.539
-61.9374 17.5463
-62.0121 17.5652
-62.0793 17.5833
-62.1495 17.5952
-62.2175 17.6084
-62.2832 17.6242
-62.3532 17.6475
-62.4248 17.6785
-62.4979 17.6856
-62.5661 17.7051
-62.6373 17.734
-62.7057 17.7511
-62.7799 17.7755
-62.8549 17.7868
-62.9268 17.8
-62.9966 17.817
-63.0622 17.8319
-63.1328 17.8481
-63.2032 17.8593
-63.2697 17.8763
-63.3393 17.9008
-63.407 17.9078
-63.4823 17.9221
-63.5499 17.9489
-63.6185 17.9594
-63.69 17.9827
-63.7575 18.0018
-63.8292 18.0183
-63.8977 18.0362
-63.9602 18.0583
-64.0269 18.0835
-64.092 18.101
-64.1646 18.1159
-64.232 18.1383
-64.315 18.1349
-64.3778 18.1471
-64.4495 18.1583
-64.5209 18.1819
-64.5914 18.2057
-64.6633 18.214
-64.7338 18.2288
-64.8037 18.2489
-64.875 18.2538
-64.9402 18.2666
-65.011 18.281
-65.0776 18.3024
-65.1406 18.3257
-65.2177 18.3407
-65.2903 18.3579
-65.3508 18.3735
-65.4242 18.3993
-65.4878 18.4233
-65.5598 18.437
-65.6289 18.4409
-65.6878 18.4605
-65.762 18.4825
-65.832 18.5028
-65.8981 18.5282
-65.9671 18.5471
-66.0345 18.5549
-66.1024 18.5757
-66.1691 18.5998
-66.2336 18.6184
-66.298 18.635
-66.3664 18.6572
-66.4372 18.6701
-66.5033 18.6824
-66.5706 18.702
-66.6392 18.7203
-66.7056 18.7391
-66.7673 18.7543
-66.8298 18.7732
-66.8976 18.7966
-66.9656 18.7961
-67.0291 18.8098
-67.0943 18.8267
-67.1599 18.8448
-67.2187 18.8653
-67.2831 18.8829
-67.3473 18.8936
-67.4072 18.9016
-67.4767 18.9106
-67.5411 18.9227
-67.6049 18.9376
-67.6725 18.956
-67.7352 18.9696
-67.7966 18.9844
-67.863 18.9941
-67.9278 19.0117
-67.9879 19.0321
-68.0491 19.046
-68.1095 19.0477
-68.1738 19.0631
-68.2383 19.0834
-68.3007 19.1007
-68.3629 19.1187
-68.4258 19.1398
-68.4885 19.153
-68.5517 19.167
-68.6113 19.1843
-68.674 19.1986
-68.7408 19.2033
-68.8072 19.2144
-68.8686 19.2378
-68.9294 19.2551
-68.9982 19.2661
-69.0578 19.28
-69.1201 19.2851
-69.1817 19.3051
-69.2451 19.3245
-69.3038 19.3347
-69.3674 19.346
-69.442 19.3504
-69.507 19.3579
-69.5632 19.3688
-69.6168 19.3831
-69.6745 19.399
-69.74 19.4059
-69.8059 19.4041
-69.8628 19.4158
-69.9228 19.4358
-69.9775 19.4559
-70.0444 19.454
-70.1013 19.4713
-70.1572 19.4944
-70.2075 19.5108
-70.2657 19.5201
-70.3241 19.5355
-70.381 19.5507
-70.4331 19.5607
-70.485 19.5747
-70.5489 19.5916
-70.6133 19.6019
-70.6628 19.619
-70.7175 19.6325
-70.7735 19.6396
-70.8349 19.6519
-70.8876 19.6671
-70.9446 19.6799
-70.9933 19.6952
-71.0534 19.7058
-71.1054 19.7093
-71.1554 19.7205
-71.2123 19.7364
-71.2702 19.7536
-71.3198 19.7714
-71.3634 19.7817
-71.4204 19.7936
-71.4735 19.809
-71.5252 19.8141
-71.579 19.8253
-71.6285 19.837
-71.6802 19.8417
-71.7268 19.8495
-71.7699 19.853
-71.8211 19.8595
-71.874 19.869
-71.9211 19.8821
-71.9658 19.8934
-72.0186 19.8967
-72.0662 19.9038
-72.1109 19.9229
-72.1587 19.9343
-72.2063 19.9398
-72.2539 19.9522
-72.3051 19.97
-72.354 19.9906
-72.3997 20.0014
-72.4459 20.0133
-72.4918 20.0222
-72.5409 20.0343
-72.5881 20.0401
-72.6378 20.0484
-72.6866 20.0765
-72.7299 20.093
-72.7723 20.1069
-72.8257 20.1178
-72.8809 20.1267
-72.9324 20.1429
-72.9823 20.1606
-73.0339 20.1696
-73.0864 20.184
-73.1347 20.2035
-73.1904 20.2117
-73.2391 20.218
-73.2903 20.229
-73.353 20.2489
-73.4063 20.2666
-73.456 20.2847
-73.5107 20.2926
-73.5689 20.2959
-73.6252 20.3132
-73.6791 20.3301
-73.7326 20.3454
-73.7842 20.3519
-73.842 20.371
-73.8986 20.3887
-73.9581 20.4
-74.0109 20.4201
-74.0686 20.4332
-74.1268 20.4482
-74.1814 20.4612
-74.2431 20.4773
-74.3091 20.5019
-74.3676 20.5127
-74.423 20.5256
-74.4898 20.5333
-74.5473 20.5533
-74.6038 20.5773
-74.6723 20.5931
-74.7273 20.6078
-74.7872 20.6219
-74.8505 20.6266
-74.9178 20.6412
-74.9783 20.661
-75.0364 20.6824
-75.097 20.712
-75.1626 20.7253
-75.2213 20.7398
-75.2806 20.7589
-75.3483 20.7767
-75.4147 20.7891
-75.4743 20.8089
-75.5349 20.8286
-75.5957 20.8424
-75.6603 20.8482
-75.7189 20.8584
-75.7783 20.8738
-75.8302 20.8946
-75.8868 20.9108
-75.9462 20.937
-76.0061 20.9588
-76.0665 20.9822
-76.1497 20.9994
-76.2096 21.0117
-76.2737 21.0231
-76.3316 21.0408
-76.391 21.0524
-76.4486 21.0617
-76.5054 21.0782
-76.5595 21.0965
-76.6148 21.1111
-76.6721 21.1259
-76.7258 21.1455
-76.7864 21.1588
-76.8463 21.1796
-76.8996 21.1971
-76.9586 21.2106
-77.0196 21.2335
-77.0727 21.2615
-77.1209 21.2815
-77.1812 21.295
-77.2363 21.3091
-77.2835 21.3281
-77.3521 21.3332
-77.4208 21.3337
-77.479 21.3449
-77.5393 21.3638
-77.5914 21.3862
-77.6489 21.4032
-77.7093 21.4181
-77.7638 21.4387
-77.8177 21.4535
-77.8769 21.4633
-77.9302 21.4782
-77.9778 21.4953
-78.0407 21.5082
-78.0871 21.5251
-78.1396 21.5403
-78.1916 21.5595
-78.2434 21.5802
-78.302 21.593
-78.3568 21.6026
-78.4067 21.6175
-78.4682 21.6329
-78.5205 21.6402
-78.5735 21.6509
-78.628 21.6684
-78.6764 21.6865
-78.7322 21.6979
-78.7821 21.714
-78.831 21.7225
-78.8842 21.7317
-78.941 21.7419
-78.9941 21.7542
-79.0428 21.7665
-79.0979 21.7841
-79.1473 21.8052
-79.1968 21.8257
-79.2459 21.8414
-79.3073 21.8455
-79.3543 21.8506
-79.4157 21.8665
-79.4703 21.8878
-79.5204 21.9073
-79.5767 21.9175
-79.6227 21.9364
-79.668 21.9578
-79.7228 21.9792
-79.7749 21.9935
-79.8217 22.0116
-79.8748 22.028
-79.9204 22.0452
-79.9712 22.0619
-80.0203 22.0707
-80.0715 22.0883
-80.1198 22.1048
-80.1683 22.1209
-80.223 22.1361
-80.2704 22.1494
-80.3176 22.1658
-80.3706 22.1774
-80.4186 22.1889
-80.4621 22.1909
-80.5159 22.1988
-80.5604 22.224
-80.6092 22.2451
-80.6642 22.2595
-80.7177 22.2748
-80.7719 22.2947
-80.8198 22.3156
-80.8674 22.3299
-80.9165 22.3499
-80.9684 22.3751
-81.0137 22.3901
-81.0608 22.3941
-81.1108 22.4048
-81.162 22.4253
-81.2159 22.4524
-81.2616 22.4679
-81.3093 22.4822
-81.3595 22.501
-81.4064 22.5265
-81.4497 22.5506
-81.4962 22.5674
-81.552 22.5816
-81.5994 22.606
-81.6508 22.625
-81.7018 22.638
-81.7437 22.647
-81.7942 22.6582
-81.8457 22.6725
-81.8998 22.6786
-81.9461 22.6912
-81.9985 22.7057
-82.0546 22.7148
-82.0993 22.7241
-82.1468 22.7351
-82.1957 22.7541
-82.2376 22.767
-82.284 22.7746
-82.3299 22.7878
-82.3739 22.8027
-82.4293 22.8172
-82.4746 22.8285
-82.5208 22.8245
-82.5703 22.841
-82.616 22.8605
-82.6622 22.8788
-82.7103 22.8916
-82.7553 22.9001
-82.804 22.9138
-82.8557 22.9216
-82.9015 22.9396
-82.9467 22.9654
-82.9894 22.9739
-83.0302 22.9768
-83.0801 22.9808
-83.1276 23.002
-83.1707 23.0221
-83.2188 23.0418
-83.267 23.0473
-83.315 23.0608
-83.3562 23.0767
-83.3965 23.0914
-83.4348 23.1255
-83.4787 23.1438
-83.532 23.1701
-83.584 23.1837
-83.6277 23.1959
-83.6626 23.2208
-83.7017 23.2439
-83.747 23.2655
-83.796 23.2816
-83.8502 23.29
-83.8924 23.2978
-83.9369 23.3137
-83.9859 23.3373
-84.0368 23.3546
-84.0831 23.3634
-84.1212 23.3665
-84.1644 23.3785
-84.2125 23.3896
-84.2655 23.3989
-84.3132 23.4089
-84.3548 23.421
-84.3993 23.4348
-84.4407 23.4545
-84.4804 23.4682
-84.5264 23.4815
-84.5762 23.5147
-84.6129 23.5368
-84.6461 23.5425
-84.6784 23.5536
-84.7144 23.5627
-84.7567 23.5748
-84.7993 23.5912
-84.8379 23.5983
-84.8752 23.6074
-84.9136 23.6166
-84.9515 23.6286
-84.9864 23.647
-85.0274 23.6623
-85.0646 23.6729
-85.1006 23.6906
-85.1341 23.7041
-85.1663 23.7157
-85.1948 23.7332
-85.2252 23.7521
-85.2615 23.7688
-85.2965 23.7818
-85.331 23.7906
-85.3708 23.8034
-85.3991 23.8227
-85.4251 23.835
-85.4583 23.8372
-85.4956 23.8439
-85.5284 23.859
-85.5589 23.8764
-85.5893 23.887
-85.6164 23.8917
-85.6424 23.8961
-85.6789 23.906
-85.7118 23.917
-85.7378 23.9257
-85.7619 23.9331
-85.7897 23.9427
-85.8232 23.9518
-85.8537 23.9612
-85.8786 23.9702
-85.9051 23.9808
-85.9343 23.9912
-85.9606 23.9985
-85.985 24.0029
-86.0094 24.0086
-86.0351 24.0173
-86.0626 24.0252
-86.0903 24.0354
-86.1172 24.045
-86.1414 24.054
-86.1636 24.065
-86.1892 24.0794
-86.2166 24.0936
-86.2459 24.1107
-86.2746 24.1303
-86.3001 24.146
-86.3236 24.1583
-86.3481 24.1672
-86.3754 24.1722
-86.4038 24.1767
-86.4299 24.1844
-86.4522 24.1881
-86.4732 24.1897
-86.4946 24.1903
-86.5187 24.1931
-86.542 24.1958
-86.5641 24.1954
-86.5842 24.1956
-86.6036 24.2002
-86.6224 24.2038
-86.6435 24.2103
-86.6633 24.2177
-86.6845 24.2277
-86.7039 24.2393
-86.7252 24.2469
-86.7464 24.2536
-86.7661 24.2593
-86.7853 24.2629
-86.8055 24.2687
-86.8278 24.2752
-86.8508 24.2825
-86.8727 24.29
-86.8963 24.2974
-86.9171 24.3045
-86.9353 24.3105
-86.9534 24.3155
-86.9747 24.3244
-86.9963 24.3334
-87.0175 24.3435
-87.0414 24.3545
-87.0654 24.3606
-87.0888 24.3646
-87.1106 24.3736
-87.1316 24.3807
-87.1605 24.4035
-87.1887 24.4151
-87.2179 24.4266
-87.2431 24.4365
-87.2677 24.4446
-87.295 24.4559
-87.3251 24.4638
-87.3528 24.4716
-87.3812 24.4817
-87.4131 24.4884
-87.4433 24.4963
-87.4716 24.5052
-87.496 24.5159
-87.5237 24.5294
-87.5578 24.5439
-87.5926 24.5573
-87.6223 24.5651
-87.6484 24.571
-87.68 24.5825
-87.7173 24.5916
-87.7461 24.6003
-87.7754 24.6135
-87.806 24.6315
-87.8342 24.653
-87.862 24.6736
-87.8945 24.691
-87.922 24.7033
-87.955 24.7198
-87.9941 24.7417
-88.031 24.7587
-88.0644 24.774
-88.1063 24.7948
-88.1469 24.8012
-88.1929 24.8076
-88.2352 24.8239
-88.2728 24.8412
-88.3139 24.8511
-88.3579 24.8636
-88.4026 24.8763
-88.4375 24.8898
-88.4812 24.8967
-88.529 24.9138
-88.5788 24.9311
-88.6201 24.9513
-88.667 24.9675
-88.7176 24.9695
-88.7615 24.9851
-88.8085 25.0094
-88.8554 25.0361
-88.9084 25.0508
-88.9539 25.0716
-89.004 25.0897
-89.0624 25.099
-89.1116 25.1227
-89.1644 25.1444
-89.2183 25.1578
-89.2702 25.1805
-89.322 25.1987
-89.3733 25.2122
-89.4248 25.2519
-89.4752 25.2684
-89.5294 25.2779
-89.578 25.3039
-89.6322 25.3274
-89.6831 25.3349
-89.732 25.3531
-89.7799 25.3705
-89.8305 25.3809
-89.8782 25.3959
-89.9258 25.4043
-89.9833 25.4091
-90.0406 25.43
-90.0929 25.4373
-90.1441 25.4469
-90.1984 25.4581
-90.2519 25.4851
-90.3073 25.4992
-90.365 25.5181
-90.4166 25.5443
-90.4712 25.5521
-90.5218 25.5852
-90.5782 25.6182
-90.6376 25.6348
-90.689 25.6553
-90.7447 25.6852
-90.8051 25.7026
-90.8559 25.7323
-90.9214 25.7623
-90.9767 25.7801
-91.0338 25.8021
-91.0958 25.8215
-91.1575 25.8522
-91.217 25.8727
-91.2737 25.8925
-91.3315 25.9085
-91.3973 25.9336
-91.4596 25.9603
-91.52 25.9769
-91.5778 25.9911
-91.6421 26.0141
-91.7061 26.0473
-91.7671 26.0787
-91.837 26.1013
-91.8987 26.1242
-91.9595 26.145
-92.029 26.1825
-92.0954 26.2164
-92.1611 26.239
-92.2258 26.2571
-92.2888 26.2826
-92.3582 26.312
-92.4204 26.3416
-92.4929 26.3758
-92.5544 26.3949
-92.626 26.4295
-92.6986 26.4663
-92.7672 26.494
-92.8348 26.5215
-92.9041 26.5503
-92.9679 26.5881
-93.036 26.6208
-93.108 26.6544
-93.1788 26.6852
-93.2476 26.7272
-93.3155 26.7493
-93.3912 26.7826
-93.4627 26.812
-93.5319 26.8439
-93.6093 26.8768
-93.6834 26.9066
-93.7541 26.9486
-93.8248 26.9875
-93.8971 27.013
-93.9626 27.0598
-94.0323 27.0931
-94.1062 27.128
-94.1776 27.1706
-94.2495 27.2148
-94.3206 27.2447
-94.3896 27.2749
-94.4617 27.3112
-94.5375 27.3486
-94.6128 27.3856
-94.6815 27.4172
-94.7492 27.4418
-94.8229 27.4744
-94.8985 27.5116
-94.9676 27.5522
-95.0424 27.6072
-95.1146 27.6397
-95.1879 27.6868
-95.2552 27.7124
-95.3295 27.7489
-95.4023 27.7819
-95.4648 27.8202
-95.5439 27.8535
-95.6138 27.8882
-95.6916 27.9151
-95.7665 27.9505
-95.8343 27.9841
-95.9088 28.0204
-95.9759 28.0509
-96.0565 28.089
-96.1297 28.1285
-96.2103 28.1598
-96.2805 28.205
-96.3524 28.2406
-96.4262 28.2646
-96.4934 28.298
-96.5656 28.3377
-96.645 28.3725
-96.7198 28.4053
-96.7879 28.4449
-96.8655 28.4798
-96.937 28.5242
-97.0073 28.5622
-97.0746 28.6047
-97.1515 28.628
-97.2276 28.6693
-97.2849 28.7047
-97.3592 28.7421
-97.4296 28.7885
-97.5003 28.8229
-97.5698 28.8651
-97.644 28.9026
-97.7095 28.9418
-97.7794 28.9779
-97.8534 29.0163
-97.9161 29.0575
-97.9842 29.0956
-98.0522 29.1318
-98.1221 29.1798
-98.1933 29.2187
-98.2621 29.2566
-98.3358 29.288
-98.4132 29.3327
-98.4776 29.3806
-98.5469 29.4158
-98.6206 29.4511
-98.6899 29.4799
-98.7609 29.5177
-98.8346 29.5597
-98.8987 29.6008
-98.9653 29.6454
-99.0318 29.684
-99.0964 29.7218
-99.1703 29.7634
-99.239 29.8061
-99.3074 29.85
-99.3747 29.8925
-99.4466 29.932
-99.5074 29.9691
-99.5712 30.0083
-99.6324 30.0484
-99.705 30.0886
-99.7711 30.1287
-99.8427 30.1705
-99.9115 30.2187
-99.9866 30.2289
-100.052 30.2615
-100.126 30.3009
-100.198 30.329
-100.263 30.3745
-100.335 30.4088
-100.405 30.4412
-100.464 30.4798
-100.537 30.5082
-100.601 30.5477
-100.667 30.5839
-100.736 30.6211
-100.809 30.6653
-100.878 30.6998
-100.939 30.7374
-101.018 30.7723
-101.081 30.8064
-101.154 30.8446
-101.208 30.8786
-101.27 30.913
-101.346 30.9469
-101.412 30.9753
-101.477 31.019
-101.545 31.0862
-101.608 31.1227
-101.675 31.1603
-101.743 31.2003
-101.811 31.234
-101.872 31.2755
-101.94 31.3141
-102.003 31.3443
-102.07 31.3751
-102.133 31.4149
-102.195 31.4517
-102.257 31.4899
-102.321 31.5317
-102.388 31.5705
-102.449 31.6143
-102.518 31.6482
-102.591 31.6864
-102.662 31.7145
-102.732 31.7571
-102.802 31.7969
-102.865 31.8215
-102.93 31.8587
-102.997 31.8975
-103.063 31.9364
-103.124 31.9772
-103.192 32.0126
-103.253 32.0511
-103.312 32.0871
-103.376 32.1152
-103.446 32.1458
-103.508 32.1872
-103.573 32.2305
-103.629 32.2736
-103.693 32.3019
-103.755 32.3407
-103.815 32.3801
-103.874 32.4173
-103.939 32.4537
-104.01 32.4765
-104.068 32.5134
-104.128 32.5466
-104.192 32.5819
-104.255 32.6162
-104.315 32.6485
-104.377 32.6896
-104.437 32.7307
-104.5 32.7587
-104.568 32.7919
-104.63 32.8295
-104.692 32.8698
-104.753 32.9076
-104.812 32.9407
-104.882 32.9823
-104.939 33.0168
-105.003 33.0493
-105.069 33.078
-105.13 33.1143
-105.195 33.157
-105.254 33.1878
-105.319 33.2187
-105.385 33.2538
-105.45 33.2835
-105.513 33.3274
-105.574 33.3649
-105.631 33.3925
-105.693 33.4365
-105.759 33.4792
-105.824 33.5116
-105.883 33.5425
-105.948 33.5771
-106.008 33.6068
-106.064 33.6462
-106.118 33.6849
-106.179 33.7119
-106.243 33.7509
-106.3 33.786
-106.355 33.8213
-106.422 33.8502
-106.487 33.8866
-106.546 33.928
-106.606 33.9692
-106.677 33.9976
-106.746 34.0395
-106.804 34.0759
-106.863 34.1174
-106.925 34.1491
-107.001 34.1825
-107.062 34.2208
-107.121 34.2543
-107.194 34.2924
-107.259 34.3284
-107.321 34.3674
-107.39 34.4022
-107.457 34.439
-107.519 34.4707
-107.579 34.5079
-107.65 34.5473
-107.717 34.5788
-107.781 34.6195
-107.844 34.6579
-107.916 34.6966
-107.982 34.7291
-108.053 34.7541
-108.122 34.7948
-108.186 34.8361
-108.25 34.8699
-108.315 34.9045
-108.373 34.9419
-108.442 34.9775
-108.511 35.0161
-108.575 35.0601
-108.639 35.0906
-108.712 35.1238
-108.781 35.1595
-108.842 35.1972
-108.912 35.2309
-108.979 35.2672
-109.049 35.3157
-109.114 35.3552
-109.183 35.3958
-109.252 35.4321
-109.317 35.4709
-109.386 35.5147
-109.454 35.5486
-109.515 35.5841
-109.578 35.6232
-109.644 35.6548
-109.712 35.6887
-109.779 35.7218
-109.85 35.7635
-109.924 35.8
-109.994 35.8347
-110.057 35.861
-110.122 35.8984
-110.192 35.9441
-110.255 35.98
-110.328 36.0044
-110.396 36.0347
-110.47 36.0813
-110.523 36.1212
-110.584 36.1538
-110.652 36.1869
-110.715 36.2181
-110.781 36.2575
-110.843 36.2958
-110.908 36.3303
-110.971 36.3653
-111.034 36.3951
-111.104 36.4332
-111.172 36.4659
-111.235 36.5007
-111.299 36.5313
-111.361 36.5692
-111.427 36.6093
-111.489 36.6454
-111.555 36.6846
-111.62 36.7157
-111.692 36.753
-111.751 36.7842
-111.812 36.8168
-111.877 36.8527
-111.943 36.88
-112.004 36.9008
-112.069 36.9317
-112.132 36.9619
-112.203 36.9933
-112.269 37.0198
-112.334 37.0582
-112.389 37.0925
-112.462 37.1177
-112.516 37.1497
-112.579 37.18
-112.637 37.209
-112.701 37.2395
-112.76 37.2692
-112.824 37.2987
-112.883 37.3193
-112.953 37.343
-113.01 37.3756
-113.064 37.4241
-113.123 37.4473
-113.189 37.4787
-113.244 37.5113
-113.306 37.5397
-113.369 37.5719
-113.43 37.6004
-113.489 37.6299
-113.546 37.6577
-113.609 37.6911
-113.67 37.7212
-113.729 37.7498
-113.789 37.7785
-113.849 37.8053
-113.913 37.8345
-113.967 37.8654
-114.034 37.8968
-114.092 37.9206
-114.156 37.9515
-114.219 37.9828
-114.279 38.0134
-114.341 38.0365
-114.399 38.056
-114.459 38.0855
-114.521 38.1146
-114.584 38.1364
-114.645 38.1677
-114.704 38.2014
-114.762 38.2337
-114.821 38.2633
-114.883 38.2843
-114.945 38.3089
-115.008 38.331
-115.067 38.3563
-115.127 38.3791
-115.185 38.4036
-115.245 38.4362
-115.303 38.4602
-115.363 38.4828
-115.428 38.51
-115.489 38.5336
-115.55 38.5697
-115.611 38.6024
-115.674 38.6266
-115.738 38.6488
-115.796 38.6792
-115.858 38.7078
-115.92 38.7285
-115.979 38.7515
-116.037 38.79
-116.098 38.8222
-116.163 38.8463
-116.23 38.8722
-116.294 38.8981
-116.353 38.9249
-116.412 38.9506
-116.473 38.9743
-116.532 38.9945
-116.599 39.0173
-116.665 39.0456
-116.722 39.0724
-116.782 39.098
-116.84 39.1264
-116.903 39.1465
-116.968 39.171
-117.029 39.2034
-117.087 39.2314
-117.15 39.2612
-117.217 39.2897
-117.276 39.3126
-117.335 39.3366
-117.398 39.3549
-117.458 39.3767
-117.517 39.4108
-117.577 39.4419
-117.635 39.4624
-117.699 39.4905
-117.762 39.512
-117.823 39.5396
-117.889 39.5803
-117.952 39.6114
-118.021 39.6412
-118.089 39.6674
-118.146 39.7011
-118.214 39.7327
-118.28 39.7637
-118.348 39.786
-118.412 39.8057
-118.478 39.8285
-118.541 39.8651
-118.608 39.8849
-118.675 39.9062
-118.74 39.9288
-118.806 39.9546
-118.871 39.9806
-118.937 40.0042
-119.004 40.0263
-119.077 40.0477
-119.143 40.0645
-119.209 40.0876
-119.268 40.1073
-119.335 40.1245
-119.399 40.1502
-119.453 40.1834
-119.509 40.2139
-119.569 40.2533
-119.62 40.2833
-119.682 40.3142
-119.746 40.3397
-119.801 40.3714
-119.864 40.4044
-119.924 40.4275
-119.985 40.4472
-120.046 40.4759
-120.104 40.4977
-120.168 40.5161
-120.227 40.5328
-120.286 40.5532
-120.346 40.5764
-120.408 40.5983
-120.467 40.619
-120.526 40.6425
-120.585 40.6668
-120.645 40.6897
-120.704 40.7179
-120.764 40.7448
-120.829 40.7678
-120.882 40.7834
-120.941 40.8058
-120.999 40.8245
-121.059 40.8459
-121.12 40.8743
-121.175 40.891
-121.231 40.9114
-121.288 40.9376
-121.346 40.9626
-121.408 40.9765
-121.469 40.9995
-121.526 41.0211
-121.587 41.0481
-121.642 41.0662
-121.703 41.0955
-121.762 41.1165
-121.823 41.1415
-121.881 41.1665
-121.937 41.1847
-121.992 41.2056
-122.047 41.2304
-122.101 41.2591
-122.16 41.2854
-122.217 41.3099
-122.274 41.3348
-122.328 41.3585
-122.386 41.3785
-122.443 41.399
-122.502 41.4199
-122.56 41.4445
-122.621 41.4639
-122.678 41.4838
-122.742 41.5036
-122.8 41.5232
-122.857 41.5401
-122.921 41.5561
-122.978 41.5772
-123.04 41.6025
-123.098 41.6252
-123.156 41.6379
-123.219 41.6559
-123.274 41.6764
-123.335 41.6958
-123.389 41.7169
-123.446 41.7429
-123.505 41.7743
-123.567 41.8022
-123.622 41.8232
-123.677 41.8477
-123.728 41.8661
-123.79 41.8884
-123.844 41.9047
-123.903 41.9311
-123.96 41.9534
-124.02 41.9794
-124.075 42.003
-124.134 42.0299
-124.189 42.0556
-124.243 42.0844
-124.302 42.1084
-124.354 42.1312
-124.41 42.1542
-124.465 42.1692
-124.525 42.1899
-124.588 42.215
-124.645 42.2258
-124.706 42.2513
-124.765 42.2699
-124.82 42.2896
-124.88 42.317
-124.942 42.346
-124.997 42.3737
-125.051 42.3982
-125.108 42.4237
-125.165 42.454
-125.223 42.4845
-125.277 42.5146
-125.336 42.5382
-125.392 42.5629
-125.45 42.5882
-125.504 42.6129
-125.559 42.636
-125.614 42.6571
-125.679 42.6822
-125.733 42.705
-125.788 42.7285
-125.84 42.7603
-125.899 42.7908
-125.955 42.8113
-126.01 42.8276
-126.063 42.8496
-126.119 42.8739
-126.17 42.89
-126.22 42.9067
-126.269 42.9203
-126.322 42.9364
-126.374 42.9522
-126.427 42.9775
-126.48 42.9994
-126.529 43.0169
-126.582 43.0343
-126.637 43.06
-126.685 43.0794
-126.736 43.099
-126.79 43.118
-126.842 43.1393
-126.892 43.1587
-126.941 43.1759
-126.989 43.1983
-127.038 43.2163
-127.087 43.2309
-127.139 43.2492
-127.185 43.2646
-127.233 43.2793
-127.278 43.2946
-127.323 43.3111
-127.371 43.3288
-127.419 43.3505
-127.464 43.3681
-127.51 43.3822
-127.56 43.3996
-127.603 43.4187
-127.647 43.4356
-127.701 43.448
-127.75 43.4592
-127.795 43.4736
-127.837 43.4866
-127.88 43.4928
-127.925 43.4983
-127.968 43.5059
-128.009 43.5198
-128.046 43.5308
-128.088 43.5459
-128.132 43.5658
-128.173 43.5782
-128.217 43.5896
-128.26 43.5983
-128.302 43.6107
-128.346 43.6294
-128.387 43.6388
-128.429 43.6445
-128.473 43.6511
-128.514 43.6597
-128.557 43.6682
-128.596 43.6734
-128.635 43.6827
-128.676 43.6948
-128.721 43.7065
-128.761 43.7153
-128.801 43.7227
-128.845 43.7325
-128.887 43.7421
-128.931 43.751
-128.976 43.7615
-129.02 43.7714
-129.063 43.7876
-129.109 43.8004
-129.157 43.8145
-129.201 43.8274
-129.251 43.8393
-129.302 43.8494
-129.35 43.8568
-129.399 43.8708
-129.453 43.8837
-129.503 43.8992
-129.552 43.9105
-129.608 43.9235
-129.666 43.9329
-129.721 43.9468
-129.777 43.9589
-129.836 43.9812
-129.89 43.9866
-129.95 43.9928
-130.009 44.0116
-130.067 44.0255
-130.126 44.0356
-130.189 44.052
-130.252 44.0584
-130.313 44.0745
-130.377 44.0834
-130.439 44.0895
-130.501 44.0985
-130.566 44.1056
-130.626 44.1126
-130.686 44.1236
-130.749 44.1343
-130.811 44.1467
-130.87 44.1584
-130.928 44.1652
-130.991 44.1746
-131.049 44.1861
-131.114 44.1977
-131.172 44.2108
-131.235 44.2195
-131.295 44.228
-131.354 44.2444
-131.414 44.2582
-131.471 44.2663
-131.53 44.2721
-131.59 44.2858
-131.647 44.3
-131.704 44.3101
-131.762 44.3136
-131.819 44.3215
-131.879 44.3345
-131.937 44.3491
-131.994 44.359
-132.053 44.3666
-132.111 44.3746
-132.168 44.3879
-132.225 44.4041
-132.283 44.4171
-132.342 44.4214
-132.4 44.43
-132.456 44.4406
-132.511 44.4532
-132.568 44.4503
-132.627 44.4571
-132.684 44.4653
-132.736 44.4681
-132.795 44.4805
-132.848 44.4858
-132.905 44.4905
-132.966 44.4961
-133.018 44.5039
-133.075 44.5087
-133.135 44.5138
-133.194 44.5233
-133.249 44.5327
-133.302 44.5307
-133.357 44.5347
-133.418 44.5481
-133.473 44.5505
-133.525 44.5455
-133.581 44.5603
-133.637 44.5717
-133.694 44.5658
-133.751 44.5735
-133.802 44.5847
-133.859 44.5941
-133.912 44.5936
-133.965 44.5928
-134.02 44.6008
-134.074 44.6075
-134.129 44.6106
-134.185 44.6106
-134.237 44.6148
-134.29 44.615
-134.343 44.6141
-134.4 44.6103
-134.455 44.6189
-134.503 44.6319
-134.56 44.634
-134.603 44.6509
-134.654 44.6534
-134.703 44.6535
-134.754 44.6588
-134.806 44.6587
-134.861 44.6597
-134.912 44.6658
-134.963 44.6705
-135.018 44.6683
-135.069 44.6705
-135.118 44.6749
-135.169 44.6795
-135.223 44.6853
-135.277 44.693
-135.328 44.6916
-135.377 44.6934
-135.427 44.6933
-135.475 44.6908
-135.531 44.6935
-135.586 44.7037
-135.634 44.7016
-135.683 44.7003
-135.734 44.7023
-135.785 44.7032
-135.836 44.7029
-135.884 44.7041
-135.938 44.7116
-135.991 44.7149
-136.041 44.7092
-136.09 44.7027
-136.14 44.7077
-136.193 44.7116
-136.247 44.7132
-136.301 44.7174
-136.354 44.7198
-136.409 44.7175
-136.46 44.7138
-136.513 44.7166
-136.566 44.721
-136.621 44.719
-136.675 44.7132
-136.734 44.7073
-136.788 44.7073
-136.842 44.7042
-136.9 44.6994
-136.956 44.7011
-137.008 44.7077
-137.064 44.7027
-137.121 44.7007
-137.178 44.6984
-137.234 44.6951
-137.285 44.6949
-137.346 44.6906
-137.403 44.6861
-137.46 44.6837
-137.521 44.6781
-137.576 44.6739
-137.629 44.675
-137.69 44.6724
-137.753 44.6728
-137.811 44.6707
-137.866 44.6665
-137.923 44.66
-137.986 44.6556
-138.048 44.6517
-138.111 44.6536
-138.166 44.6535
-138.227 44.6594
-138.286 44.6539
-138.346 44.6545
-138.412 44.6488
-138.468 44.6414
-138.521 44.6365
-138.577 44.6345
-138.641 44.6371
-138.702 44.6311
-138.755 44.6222
-138.812 44.6189
-138.872 44.6099
-138.934 44.6096
-138.987 44.5917
-139.047 44.5773
-139.103 44.5729
-139.157 44.5688
-139.216 44.563
-139.272 44.5562
-139.329 44.544
-139.388 44.5371
-139.447 44.5367
-139.505 44.5357
-139.557 44.5328
-139.613 44.5265
-139.669 44.5234
-139.725 44.5194
-139.784 44.5144
-139.84 44.4956
-139.894 44.4942
-139.951 44.4914
-140.008 44.4841
-140.068 44.4552
-140.124 44.4438
-140.178 44.433
-140.235 44.4213
-140.29 44.4148
-140.347 44.4082
-140.403 44.4022
-140.457 44.3954
-140.511 44.3825
-140.566 44.3643
-140.618 44.3558
-140.673 44.3477
-140.729 44.3315
-140.778 44.321
-140.832 44.3121
-140.884 44.301
-140.937 44.2923
-140.991 44.2794
-141.044 44.2661
-141.094 44.2507
-141.158 44.2419
-141.209 44.2311
-141.261 44.2211
-141.316 44.2082
-141.367 44.1991
-141.419 44.1876
-141.471 44.1726
-141.528 44.1646
-141.581 44.1469
-141.636 44.1269
-141.686 44.1075
-141.737 44.0972
-141.791 44.0899
-141.841 44.0749
-141.894 44.0598
-141.95 44.0516
-142.005 44.046
-142.061 44.0406
-142.114 44.0186
-142.168 43.999
-142.221 43.9705
-142.274 43.9592
-142.329 43.9489
-142.381 43.9304
-142.433 43.9126
-142.492 43.8913
-142.542 43.8772
-142.592 43.862
-142.647 43.8471
-142.705 43.83
-142.763 43.8079
-142.817 43.7932
-142.873 43.7805
-142.928 43.7678
-142.988 43.7495
-143.043 43.7322
-143.101 43.726
-143.16 43.7026
-143.214 43.6877
-143.27 43.6718
-143.326 43.658
-143.382 43.632
-143.438 43.6072
-143.497 43.5914
-143.559 43.5752
-143.613 43.5539
-143.674 43.5393
-143.736 43.523
-143.792 43.5033
-143.847 43.4821
-143.912 43.4633
-143.973 43.4464
-144.031 43.4246
-144.097 43.4032
-144.158 43.3922
-144.219 43.3713
-144.282 43.3455
-144.344 43.3283
-144.412 43.3056
-144.473 43.2827
-144.537 43.2602
-144.602 43.235
-144.664 43.208
-144.73 43.1884
-144.795 43.1638
-144.862 43.1371
-144.928 43.119
-144.994 43.0998
-145.056 43.0746
-145.125 43.0586
-145.189 43.0362
-145.252 43.0149
-145.316 42.9871
-145.382 42.9625
-145.455 42.9404
-145.522 42.9215
-145.585 42.8994
-145.652 42.8795
-145.717 42.8581
-145.781 42.8294
-145.847 42.7968
-145.912 42.7752
-145.979 42.7447
-146.044 42.7199
-146.105 42.7003
-146.168 42.6823
-146.231 42.6558
-146.293 42.6272
-146.357 42.6006
-146.423 42.5714
-146.486 42.547
-146.551 42.5231
-146.616 42.5002
-146.681 42.4755
-146.74 42.4489
-146.801 42.4188
-146.857 42.3986
-146.92 42.3657
-146.976 42.342
-147.038 42.3143
-147.098 42.2773
-147.16 42.2568
-147.222 42.2294
-147.275 42.2013
-147.334 42.1791
-147.397 42.1559
-147.453 42.1245
-147.51 42.1013
-147.569 42.0808
-147.628 42.0529
-147.683 42.0201
-147.74 41.9926
-147.795 41.9662
-147.853 41.9444
-147.911 41.9267
-147.964 41.8969
-148.017 41.8662
-148.072 41.8397
-148.128 41.8169
-148.182 41.7894
-148.233 41.7694
-148.292 41.7319
-148.344 41.7026
-148.397 41.6769
-148.448 41.6482
-148.497 41.6251
-148.55 41.5985
-148.598 41.5725
-148.648 41.5448
-148.697 41.5124
-148.747 41.4873
-148.8 41.4669
-148.852 41.4395
-148.902 41.4103
-148.947 41.384
-148.993 41.3609
-149.046 41.3333
-149.099 41.3028
-149.15 41.2799
-149.2 41.255
-149.249 41.2277
-149.292 41.2019
-149.341 41.1729
-149.39 41.1435
-149.438 41.1202
-149.485 41.1016
-149.536 41.0762
-149.58 41.0427
-149.624 41.0117
-149.672 40.9822
-149.723 40.9542
-149.771 40.9289
-149.819 40.902
-149.866 40.8732
-149.912 40.8425
-149.96 40.8169
-150.014 40.7824
-150.066 40.7527
-150.113 40.728
-150.155 40.696
-150.208 40.6601
-150.257 40.6306
-150.305 40.6
-150.364 40.5833
-150.413 40.5464
-150.46 40.5123
-150.506 40.4836
-150.559 40.4564
-150.61 40.4223
-150.658 40.3896
-150.707 40.3543
-150.76 40.3282
-150.81 40.2985
-150.861 40.2633
-150.912 40.2319
-150.964 40.1984
-151.01 40.1658
-151.057 40.1285
-151.106 40.0901
-151.152 40.054
-151.202 40.0057
-151.246 39.9711
-151.297 39.9341
-151.35 39.9023
-151.398 39.8597
-151.443 39.8223
-151.492 39.7856
-151.537 39.7493
-151.584 39.711
-151.631 39.6762
-151.675 39.6377
-151.723 39.6012
-151.768 39.5663
-151.813 39.5317
-151.862 39.4996
-151.909 39.4609
-151.957 39.4268
-152.004 39.3919
-152.045 39.3527
-152.087 39.3121
-152.137 39.2772
-152.183 39.2429
-152.229 39.2111
-152.273 39.1678
-152.313 39.1243
-152.355 39.0954
-152.399 39.0562
-152.444 39.0157
-152.493 38.9795
-152.533 38.9482
-152.574 38.9036
-152.613 38.8634
-152.656 38.8262
-152.703 38.791
-152.746 38.7501
-152.786 38.7137
-152.832 38.6825
-152.874 38.6468
-152.914 38.6021
-152.946 38.5664
-152.984 38.5267
-153.028 38.4873
-153.068 38.4476
-153.105 38.3923
-153.144 38.3542
-153.188 38.3136
-153.229 38.2741
-153.267 38.2385
-153.307 38.1983
-153.349 38.1596
-153.39 38.1255
-153.424 38.0754
-153.462 38.0307
-153.505 37.9943
-153.543 37.9486
-153.582 37.91
-153.627 37.8733
-153.668 37.8285
-153.7 37.7775
-153.745 37.7433
-153.786 37.6991
-153.827 37.6532
-153.864 37.6112
-153.906 37.567
-153.946 37.5267
-153.983 37.4809
-154.025 37.4354
-154.064 37.3892
-154.102 37.3427
-154.144 37.2963
-154.182 37.2556
-154.219 37.2043
-154.256 37.1588
-154.297 37.1089
-154.336 37.0607
-154.372 37.0181
-154.414 36.9701
-154.452 36.9241
-154.487 36.8766
-154.529 36.8273
-154.566 36.7799
-154.605 36.7274
-154.64 36.6783
-154.679 36.6294
-154.715 36.582
-154.749 36.5347
-154.791 36.4787
-154.83 36.4251
-154.873 36.3802
-154.91 36.3252
-154.947 36.2755
-154.984 36.2257
-155.022 36.1666
-155.061 36.1209
-155.098 36.0666
-155.139 36.0107
-155.175 35.9607
-155.217 35.9008
-155.254 35.8513
-155.289 35.7916
-155.332 35.7366
-155.368 35.6769
-155.402 35.6162
-155.447 35.5661
-155.487 35.5084
-155.521 35.4485
-155.56 35.3866
-155.593 35.3332
-155.629 35.2726
-155.665 35.2153
-155.704 35.1569
-155.741 35.0973
-155.78 35.0392
-155.812 34.9806
-155.849 34.9235
-155.885 34.8595
-155.913 34.797
-155.949 34.7449
-155.984 34.6874
-156.013 34.6212
-156.051 34.5685
-156.083 34.5116
-156.112 34.4496
-156.141 34.3882
-156.181 34.3269
-156.21 34.2688
-156.242 34.2132
-156.281 34.1568
-156.308 34.0937
-156.34 34.0385
-156.376 33.9776
-156.402 33.9254
-156.433 33.8609
-156.466 33.8024
-156.498 33.7395
-156.526 33.6864
-156.558 33.6269
-156.589 33.5715
-156.624 33.5128
-156.652 33.4536
-156.682 33.385
-156.709 33.3202
-156.737 33.265
-156.766 33.2
-156.793 33.1412
-156.816 33.0882
-156.845 33.0271
-156.877 32.9647
-156.901 32.9002
-156.929 32.8483
-156.954 32.7919
-156.977 32.7265
-157.007 32.6719
-157.029 32.6062
-157.055 32.5502
-157.081 32.4925
-157.103 32.43
-157.127 32.3752
-157.152 32.3202
-157.182 32.258
-157.208 32.2039
-157.223 32.1355
-157.248 32.0809
-157.269 32.0242
-157.291 31.9661
-157.316 31.9115
-157.335 31.85
-157.358 31.7939
-157.384 31.7462
-157.41 31.682
-157.437 31.6263
-157.459 31.5676
-157.477 31.5187
-157.499 31.46
-157.521 31.3926
-157.544 31.3306
-157.564 31.2766
-157.584 31.2178
-157.607 31.1574
-157.626 31.1038
-157.647 31.0391
-157.667 30.9765
-157.687 30.9158
-157.71 30.8643
-157.731 30.8142
-157.752 30.7486
-157.772 30.6956
-157.794 30.6393
-157.816 30.5839
-157.835 30.5128
-157.852 30.4573
-157.872 30.4017
-157.89 30.3444
-157.906 30.2914
-157.925 30.2311
-157.945 30.1675
-157.967 30.1128
-157.988 30.0611
-158.008 30.0028
-158.025 29.9432
-158.046 29.889
-158.064 29.8307
-158.087 29.7711
-158.104 29.713
-158.119 29.6547
-158.135 29.5995
-158.153 29.5465
-158.169 29.4787
-158.184 29.424
-158.204 29.3633
-158.22 29.3064
-158.234 29.2472
-158.251 29.1893
-158.272 29.1343
-158.287 29.0707
-158.304 29.017
-158.324 28.9585
-158.344 28.899
-158.365 28.8422
-158.383 28.7792
-158.406 28.7082
-158.422 28.6514
-158.439 28.5974
-158.458 28.5372
-158.476 28.472
-158.493 28.4168
-158.505 28.3525
-158.526 28.2871
-158.547 28.239
-158.565 28.1739
-158.58 28.1155
-158.597 28.0548
-158.614 27.9982
-158.632 27.9373
-158.651 27.8803
-158.668 27.8208
-158.683 27.7605
-158.698 27.7034
-158.712 27.6404
-158.725 27.5787
-158.737 27.5167
-158.754 27.4697
-158.769 27.4106
-158.78 27.3466
-158.797 27.2872
-158.813 27.2263
-158.832 27.1681
-158.852 27.1101
-158.871 27.0503
-158.889 26.9941
-158.908 26.9379
-158.928 26.8755
-158.949 26.8211
-158.965 26.7538
-158.983 26.6929
-158.995 26.648
-159.012 26.585
-159.03 26.522
-159.044 26.4604
-159.058 26.4025
-159.073 26.3552
-159.086 26.3035
-159.099 26.2363
-159.113 26.1802
-159.125 26.1187
-159.139 26.0701
-159.153 26.0206
-159.167 25.9663
-159.183 25.9062
-159.195 25.8498
-159.205 25.7932
-159.216 25.7359
-159.227 25.6857
-159.239 25.6311
-159.25 25.5822
-159.265 25.5256
-159.278 25.4706
-159.29 25.4176
-159.306 25.3711
-159.323 25.324
-159.336 25.2769
-159.351 25.2304
-159.366 25.1752
-159.376 25.0977
-159.391 25.0535
-159.407 25.0054
-159.419 24.9572
-159.432 24.9134
-159.445 24.8647
-159.456 24.819
-159.468 24.772
-159.48 24.7207
-159.489 24.6769
-159.498 24.631
-159.512 24.5822
-159.521 24.5305
-159.527 24.4838
-159.536 24.4433
-159.549 24.4003
-159.561 24.3556
-159.576 24.3097
-159.588 24.2717
-159.596 24.2249
-159.607 24.1785
-159.62 24.1316
-159.634 24.0914
-159.644 24.0545
-159.657 24.0078
-159.669 23.9706
-159.679 23.9289
-159.686 23.8775
-159.692 23.8309
-159.702 23.7856
-159.715 23.7415
-159.727 23.7057
-159.739 23.6515
-159.75 23.602
-159.763 23.5565
-159.775 23.5062
-159.786 23.4606
-159.798 23.4107
-159.805 23.3621
-159.815 23.3183
-159.829 23.2694
-159.843 23.2176
-159.854 23.1654
-159.86 23.1191
-159.863 23.0723
-159.869 23.0231
-159.877 22.9695
-159.887 22.9185
-159.898 22.8679
-159.909 22.8176
-159.919 22.7698
-159.926 22.721
-159.937 22.6754
-159.954 22.6271
-159.968 22.5844
-159.98 22.535
-159.992 22.4889
-160.009 22.4331
-160.017 22.3783
-160.028 22.3278
-160.04 22.2757
-160.049 22.2184
-160.055 22.1695
-160.062 22.1117
-160.071 22.0585
-160.082 22.0024
-160.095 21.9518
-160.115 21.9006
-160.136 21.8539
-160.154 21.8008
-160.171 21.743
-160.186 21.6863
-160.203 21.6292
-160.219 21.5709
-160.228 21.5099
-160.238 21.4519
-160.249 21.3951
-160.257 21.3352
-160.263 21.2722
-160.27 21.2105
-160.274 21.1517
-160.285 21.099
-160.293 21.0391
-160.304 20.9829
-160.318 20.9226
-160.33 20.8583
-160.341 20.8003
-160.352 20.7433
-160.362 20.6895
-160.378 20.6298
-160.392 20.5714
-160.407 20.5084
-160.417 20.4509
-160.429 20.3859
-160.444 20.3291
-160.457 20.2631
-160.469 20.204
-160.48 20.1455
-160.491 20.0854
-160.511 20.0305
-160.525 19.9755
-160.533 19.9156
-160.551 19.8547
-160.57 19.7936
-160.578 19.7331
-160.591 19.6646
-160.598 19.6047
-160.604 19.545
-160.612 19.4862
-160.628 19.4274
-160.641 19.3679
-160.651 19.3156
-160.659 19.2515
-160.667 19.1917
-160.68 19.1309
-160.689 19.0667
-160.7 19.0059
-160.712 18.9432
-160.727 18.8858
-160.74 18.8282
-160.75 18.7661
-160.763 18.7114
-160.778 18.6514
-160.791 18.5933
-160.805 18.5306
-160.819 18.474
-160.835 18.4152
-160.848 18.3544
-160.861 18.2938
-160.873 18.231
-160.883 18.1654
-160.894 18.0994
-160.904 18.0376
-160.911 17.9768
-160.921 17.9163
-160.928 17.8535
-160.941 17.7925
-160.955 17.7275
-160.966 17.6677
-160.976 17.6008
-160.984 17.5298
-160.996 17.4696
-161.01 17.4038
-161.023 17.3411
-161.031 17.2712
-161.041 17.2091
-161.05 17.1464
-161.066 17.079
-161.08 17.0159
-161.09 16.9478
-161.098 16.8802
-161.11 16.8088
-161.121 16.7446
-161.124 16.6781
-161.131 16.607
-161.144 16.5373
-161.156 16.4616
-161.174 16.41
-161.188 16.3459
-161.202 16.2728
-161.214 16.2036
-161.23 16.1378
-161.244 16.0733
-161.256 16.0038
-161.263 15.9229
-161.266 15.8413
-161.285 15.7762
-161.298 15.7008
-161.309 15.628
-161.318 15.5613
-161.33 15.4838
-161.346 15.4177
-161.354 15.3455
-161.363 15.2653
-161.371 15.2013
-161.381 15.1259
-161.403 15.0453
-161.42 14.9796
-161.425 14.9089
-161.437 14.8352
-161.446 14.763
-161.463 14.6856
-161.481 14.6176
-161.479 14.5432
-161.489 14.4785
-161.504 14.4007
-161.516 14.3273
-161.522 14.252
-161.531 14.1752
-161.55 14.1116
-161.562 14.0416
-161.574 13.9714
-161.588 13.8931
-161.6 13.822
-161.611 13.7467
-161.625 13.6784
-161.638 13.604
-161.647 13.5332
-161.657 13.4524
-161.665 13.3725
-161.674 13.2949
-161.688 13.2283
-161.695 13.1552
-161.699 13.0863
-161.708 13.0148
-161.715 12.9418
-161.725 12.8732
-161.738 12.8117
-161.748 12.7447
-161.756 12.6725
-161.758 12.596
-161.764 12.5357
-161.77 12.469
-161.777 12.4071
-161.78 12.334
-161.787 12.2759
-161.795 12.2108
-161.805 12.151
-161.809 12.0782
-161.808 12.0295
-161.816 11.9704
-161.818 11.9073
-161.818 11.85
-161.82 11.7813
-161.826 11.7184
-161.834 11.6614
-161.845 11.6019
-161.858 11.5489
-161.865 11.4909
-161.868 11.4325
-161.872 11.3806
-161.881 11.3206
-161.893 11.2702
-161.903 11.224
-161.91 11.1613
-161.915 11.1056
-161.916 11.058
-161.905 10.9829
-161.911 10.929
-161.915 10.8801
-161.921 10.8403
-161.931 10.8028
-161.936 10.7384
-161.939 10.6895
-161.943 10.6535
-161.949 10.6112
-161.952 10.5576
-161.956 10.5058
-161.96 10.4737
-161.964 10.4338
-161.972 10.388
-161.982 10.3511
-161.985 10.3069
-161.984 10.2607
-161.982 10.2244
-161.983 10.185
-161.997 10.1669
-162 10.1335
-162.001 10.1015
-162.005 10.0624
-162.011 10.024
-162.014 9.99208
-162.016 9.96089
-162.019 9.93049
-162.018 9.89916
-162.018 9.86959
-162.022 9.84015
-162.025 9.80908
-162.031 9.7837
-162.037 9.7617
-162.04 9.73454
-162.044 9.70624
-162.049 9.67644
-162.05 9.64902
-162.051 9.62506
-162.052 9.60898
-162.052 9.58316
-162.055 9.56077
-162.058 9.53605
-162.06 9.51131
-162.061 9.48842
-162.063 9.46875
-162.066 9.45
-162.068 9.43239
-162.069 9.41569
-162.069 9.39836
-162.071 9.38028
-162.073 9.36432
-162.074 9.35061
-162.077 9.33574
-162.078 9.3219
-162.079 9.30885
-162.08 9.29603
-162.081 9.28392
-162.08 9.27152
-162.08 9.2614
-162.084 9.24969
-162.084 9.23937
-162.085 9.22853
-162.086 9.21823
-162.086 9.20726
-162.087 9.19664
-162.088 9.18623
-162.087 9.17503
-162.088 9.16599
-162.089 9.15794
-162.09 9.14891
-162.092 9.14125
-162.095 9.13503
-162.097 9.12814
-162.1 9.12103
-162.1 9.11399
-162.101 9.10566
-162.102 9.09614
-162.102 9.08677
-162.105 9.07569
-162.104 9.07007
-162.105 9.05829
-162.106 9.04805
-162.107 9.03867
-162.107 9.0294
-162.109 9.02083
-162.11 9.01183
-162.11 9.00453
-162.11 8.9967
-162.11 8.98821
-162.111 8.97901
-162.111 8.96973
-162.112 8.96147
-162.114 8.95259
-162.115 8.94252
-162.117 8.93387
-162.119 8.9253
-162.12 8.91588
-162.121 8.90708
-162.122 8.89679
-162.124 8.89002
-162.126 8.88062
-162.127 8.87251
-162.128 8.86427
-162.13 8.85543
-162.131 8.84843
-162.133 8.84128
-162.133 8.83239
-162.134 8.82242
-162.135 8.8135
-162.136 8.80462
-162.138 8.79515
-162.138 8.78403
-162.138 8.7749
-162.14 8.76526
-162.143 8.75805
-162.143 8.74918
-162.144 8.74054
-162.146 8.73311
-162.147 8.72529
-162.146 8.72066
-162.148 8.71434
-162.149 8.70702
-162.15 8.69949
-162.15 8.69151
-162.151 8.68577
-162.151 8.6782
-162.151 8.67154
-162.153 8.66382
-162.153 8.65667
-162.155 8.64852
-162.156 8.63951
-162.156 8.63214
-162.157 8.62485
-162.158 8.61723
-162.158 8.6082
-162.158 8.59985
-162.158 8.59133
-162.157 8.58224
-162.156 8.57522
-162.157 8.56827
-162.155 8.55694
-162.156 8.54773
-162.156 8.53918
-162.156 8.53052
-162.157 8.52163
-162.159 8.51173
-162.16 8.50199
-162.161 8.49225
-162.162 8.4829
-162.162 8.4743
-162.163 8.46532
-162.163 8.45416
-162.163 8.44365
-162.163 8.43424
-162.165 8.42418
-162.166 8.41369
-162.165 8.40328
-162.166 8.39187
-162.167 8.38102
-162.168 8.36966
-162.168 8.35803
-162.169 8.34652
-162.17 8.33391
-162.175 8.32313
-162.175 8.31158
-162.175 8.30108
-162.176 8.29088
-162.177 8.28147
-162.178 8.27143
-162.178 8.26261
-162.177 8.25126
-162.179 8.23952
-162.178 8.22949
-162.181 8.21571
-162.181 8.20287
-162.183 8.19115
-162.183 8.1801
-162.183 8.17015
-162.184 8.16193
-162.179 8.15194
-162.179 8.14432
-162.18 8.13604
-162.181 8.12628
-162.181 8.11796
-162.182 8.11031
-162.181 8.10099
-162.181 8.09082
-162.182 8.08182
-162.182 8.07199
-162.182 8.06362
-162.184 8.05378
-162.186 8.04257
-162.188 8.03244
-162.191 8.02172
-162.192 8.00951
-162.193 7.99779
-162.193 7.98572
-162.194 7.97448
-162.195 7.96123
-162.194 7.94404
-162.195 7.9288
-162.196 7.91095
-162.198 7.89639
-162.198 7.87956
-162.201 7.86457
-162.203 7.85075
-162.203 7.83557
-162.204 7.81926
-162.203 7.79788
-162.202 7.77437
-162.2 7.75406
-162.199 7.73521
-162.199 7.71484
-162.199 7.69298
-162.202 7.6716
-162.205 7.64889
-162.205 7.62309
-162.205 7.59673
-162.207 7.57251
-162.209 7.55005
-162.212 7.53075
-162.211 7.50635
-162.212 7.4816
-162.211 7.45389
-162.211 7.42786
-162.209 7.39799
-162.212 7.3713
-162.215 7.34344
-162.216 7.3164
-162.215 7.29306
-162.215 7.26518
-162.215 7.23317
-162.217 7.20286
-162.217 7.17429
-162.217 7.14531
-162.218 7.11191
-162.217 7.07504
-162.214 7.04104
-162.211 7.01047
-162.209 6.97639
-162.209 6.94633
-162.206 6.9103
-162.202 6.86687
-162.2 6.82525
-162.2 6.78292
-162.202 6.74082
-162.202 6.70087
-162.197 6.65688
-162.191 6.61698
-162.187 6.57154
-162.184 6.52541
-162.181 6.47646
-162.175 6.42956
-162.172 6.38193
-162.169 6.33606
-162.167 6.28687
-162.158 6.24438
-162.152 6.19888
-162.152 6.15064
-162.145 6.09554
-162.131 6.0378
-162.115 5.98422
-162.103 5.93044
-162.091 5.87948
-162.078 5.82053
-162.066 5.76664
-162.058 5.72083
-162.049 5.66265
-162.037 5.60929
-162.028 5.55701
-162.019 5.50391
-162.008 5.4547
-161.994 5.40198
-161.981 5.35629
-161.97 5.3129
-161.962 5.26007
-161.953 5.21852
-161.94 5.16553
-161.928 5.11764
-161.912 5.07837
-161.895 5.03161
-161.888 4.98115
-161.873 4.93211
-161.863 4.8898
-161.85 4.85137
-161.834 4.80815
-161.826 4.76607
-161.816 4.71882
-161.805 4.67477
-161.788 4.63683
-161.772 4.59462
-161.757 4.55308
-161.743 4.51008
-161.731 4.46153
-161.716 4.41951
-161.703 4.37966
-161.692 4.33293
-161.677 4.29048
-161.662 4.24522
-161.645 4.20115
-161.624 4.14269
-161.605 4.09169
-161.586 4.0522
-161.565 4.00804
-161.551 3.9615
-161.534 3.91562
-161.513 3.87038
-161.491 3.82887
-161.467 3.77862
-161.449 3.72759
-161.431 3.68717
-161.408 3.64251
-161.386 3.59831
-161.366 3.55521
-161.343 3.51038
-161.321 3.46998
-161.3 3.42622
-161.28 3.38229
-161.258 3.34539
-161.231 3.29605
-161.203 3.25582
-161.179 3.2165
-161.151 3.17028
-161.131 3.12627
-161.107 3.0849
-161.082 3.04537
-161.059 3.00137
-161.033 2.95852
-161.01 2.92113
-160.986 2.88122
-160.96 2.83373
-160.939 2.79718
-160.91 2.75609
-160.879 2.71981
-160.852 2.68069
-160.822 2.6412
-160.793 2.60451
-160.766 2.56659
-160.74 2.52896
-160.713 2.4819
-160.685 2.44556
-160.658 2.40726
-160.628 2.37201
-160.604 2.33269
-160.572 2.29032
-160.539 2.2553
-160.512 2.22585
-160.483 2.18876
-160.456 2.15162
-160.433 2.11792
-160.408 2.08086
-160.381 2.04449
-160.353 2.01025
-160.325 1.97712
-160.29 1.94415
-160.257 1.90128
-160.224 1.8586
-160.188 1.81989
-160.154 1.78175
-160.122 1.74552
-160.088 1.71161
-160.055 1.68055
-160.018 1.63776
-159.979 1.59679
-159.946 1.56457
-159.911 1.52838
-159.872 1.4913
-159.837 1.45048
-159.805 1.41122
-159.767 1.37578
-159.727 1.34152
-159.687 1.31036
-159.647 1.28108
-159.606 1.24042
-159.565 1.20466
-159.522 1.1706
-159.483 1.13997
-159.448 1.10751
-159.408 1.06539
-159.364 1.02923
-159.316 1.00126
-159.268 0.952887
-159.227 0.920024
-159.184 0.886066
-159.138 0.851494
-159.09 0.811478
-159.047 0.772328
-159.006 0.735633
-158.958 0.694841
-158.908 0.66053
-158.86 0.622438
-158.808 0.589953
-158.756 0.562017
-158.701 0.533033
-158.645 0.501081
-158.591 0.469655
-158.537 0.43849
-158.488 0.407314
-158.439 0.37499
-158.384 0.336617
-158.326 0.313612
-158.271 0.286944
-158.219 0.261967
-158.165 0.235666
-158.111 0.215282
-158.058 0.193593
-158.009 0.16687
-157.956 0.138915
-157.908 0.109722
-157.854 0.0866531
-157.799 0.0569631
-157.749 0.0313939
-157.696 0.000674692
-157.646 -0.0228514
-157.592 -0.0426618
-157.542 -0.0613304
-157.488 -0.0831537
-157.441 -0.100317
-157.389 -0.133564
-157.338 -0.156117
-157.283 -0.170819
-157.231 -0.186448
-157.182 -0.223597
-157.129 -0.247544
-157.074 -0.265653
-157.025 -0.278469
-156.973 -0.302529
-156.917 -0.324961
-156.858 -0.344861
-156.805 -0.367298
-156.755 -0.385392
-156.702 -0.405249
-156.652 -0.422321
-156.598 -0.442592
-156.547 -0.460672
-156.493 -0.477716
-156.443 -0.500419
-156.398 -0.51224
-156.347 -0.526784
-156.298 -0.54339
-156.246 -0.535103
-156.192 -0.553689
-156.141 -0.563292
-156.083 -0.580899
-156.031 -0.593143
-155.978 -0.612133
-155.927 -0.62861
-155.878 -0.634452
-155.826 -0.642992
-155.772 -0.65118
-155.719 -0.671796
-155.667 -0.685502
-155.613 -0.696892
-155.558 -0.707616
-155.501 -0.720368
-155.447 -0.731668
-155.39 -0.754784
-155.334 -0.769473
-155.281 -0.781953
-155.225 -0.787298
-155.166 -0.793462
-155.114 -0.804693
-155.054 -0.820682
-154.993 -0.825568
-154.939 -0.827747
-154.881 -0.83074
-154.82 -0.849659
-154.765 -0.86773
-154.711 -0.882276
-154.651 -0.88231
-154.591 -0.885669
-154.532 -0.897993
-154.476 -0.913218
-154.42 -0.927868
-154.366 -0.930913
-154.307 -0.935812
-154.239 -0.954075
-154.177 -0.972113
-154.118 -0.979217
-154.061 -0.982903
-154.003 -0.990673
-153.943 -1.00041
-153.88 -1.01206
-153.822 -1.02422
-153.763 -1.03713
-153.701 -1.05182
-153.644 -1.06216
-153.588 -1.07437
-153.527 -1.08818
-153.467 -1.09218
-153.406 -1.11456
-153.349 -1.13421
-153.288 -1.1354
-153.227 -1.13474
-153.168 -1.14234
-153.108 -1.15389
-153.047 -1.1671
-152.987 -1.17976
-152.926 -1.1846
-152.862 -1.17422
-152.805 -1.18477
-152.747 -1.19174
-152.692 -1.19718
-152.63 -1.20676
-152.569 -1.21531
-152.51 -1.22024
-152.452 -1.2231
-152.393 -1.24293
-152.334 -1.25487
-152.271 -1.25086
-152.211 -1.2543
-152.154 -1.26724
-152.097 -1.27613
-152.036 -1.28921
-151.981 -1.30036
-151.927 -1.3106
-151.864 -1.32407
-151.806 -1.34166
-151.754 -1.35663
-151.693 -1.3779
-151.637 -1.38639
-151.585 -1.39986
-151.527 -1.41723
-151.464 -1.40474
-151.408 -1.40381
-151.349 -1.4067
-151.291 -1.4178
-151.229 -1.42617
-151.173 -1.44012
-151.117 -1.44803
-151.06 -1.45623
-151.001 -1.46278
-150.945 -1.47884
-150.888 -1.48501
-150.826 -1.50163
-150.771 -1.51225
-150.718 -1.50688
-150.658 -1.51507
-150.606 -1.5274
-150.549 -1.54048
-150.486 -1.56942
-150.429 -1.5801
-150.371 -1.58726
-150.318 -1.5876
-150.261 -1.59973
-150.207 -1.60882
-150.156 -1.61893
-150.095 -1.63288
-150.044 -1.63854
-149.989 -1.65376
-149.93 -1.66583
-149.879 -1.67576
-149.829 -1.68032
-149.775 -1.68985
-149.723 -1.70467
-149.675 -1.70455
-149.627 -1.7061
-149.578 -1.71183
-149.53 -1.71838
-149.483 -1.72236
-149.433 -1.71516
-149.381 -1.72672
-149.334 -1.74332
-149.29 -1.75456
-149.244 -1.76253
-149.194 -1.77491
-149.144 -1.78831
-149.095 -1.79944
-149.049 -1.80855
-149.005 -1.81983
-148.963 -1.82399
-148.918 -1.82816
-148.871 -1.84538
-148.823 -1.84544
-148.781 -1.84993
-148.735 -1.86224
-148.688 -1.87545
-148.643 -1.88744
-148.599 -1.89917
-148.553 -1.9159
-148.505 -1.92279
-148.462 -1.93014
-148.424 -1.92867
-148.381 -1.93435
-148.341 -1.9455
-148.301 -1.95222
-148.26 -1.95748
-148.219 -1.96325
-148.179 -1.96991
-148.142 -1.9742
-148.104 -1.97852
-148.066 -1.98198
-148.034 -1.98501
-148.002 -1.99356
-147.968 -1.99917
-147.933 -2.00549
-147.901 -2.00973
-147.872 -2.01375
-147.84 -2.01503
-147.81 -2.01487
-147.781 -2.01648
-147.755 -2.013
-147.727 -2.01589
-147.703 -2.01842
-147.683 -2.02047
-147.665 -2.02711
-147.643 -2.03716
-147.624 -2.04231
-147.606 -2.04786
-147.591 -2.05206
-147.577 -2.0577
-147.564 -2.06248
-147.552 -2.06516
