-9.97489 -8.52262
-9.92637 -8.49905
-9.87736 -8.4769
-9.82795 -8.45555
-9.77859 -8.43459
-9.72938 -8.41354
-9.68069 -8.39234
-9.63228 -8.3711
-9.58394 -8.34953
-9.53556 -8.32782
-9.48711 -8.30622
-9.43841 -8.28498
-9.38944 -8.26404
-9.34035 -8.24333
-9.29125 -8.2227
-9.24223 -8.20206
-9.19322 -8.18123
-9.14424 -8.16014
-9.09518 -8.13886
-9.04595 -8.11715
-8.99659 -8.09499
-8.94705 -8.07238
-8.89725 -8.04921
-8.84724 -8.02543
-8.79705 -8.00097
-8.74733 -7.9776
-8.69752 -7.95406
-8.64761 -7.93034
-8.59757 -7.90642
-8.54743 -7.88227
-8.49718 -7.85788
-8.44683 -7.83321
-8.39635 -7.80824
-8.34569 -7.78303
-8.29486 -7.75755
-8.24386 -7.73182
-8.19264 -7.70585
-8.1412 -7.67967
-8.08953 -7.65323
-8.03762 -7.62659
-7.98547 -7.59975
-7.93305 -7.57271
-7.88038 -7.54549
-7.82748 -7.51806
-7.77435 -7.49045
-7.721 -7.46266
-7.66743 -7.43465
-7.61363 -7.40644
-7.55964 -7.378
-7.50542 -7.34929
-7.45103 -7.3203
-7.39647 -7.29101
-7.34176 -7.26143
-7.28689 -7.23155
-7.23185 -7.20139
-7.17663 -7.17096
-7.12127 -7.1403
-7.0658 -7.10941
-7.01019 -7.07829
-6.95448 -7.04693
-6.89867 -7.01529
-6.84278 -6.9834
-6.78681 -6.95134
-6.73077 -6.91914
-6.67463 -6.88682
-6.6184 -6.85438
-6.56207 -6.82184
-6.50568 -6.78926
-6.44924 -6.75663
-6.39275 -6.72396
-6.33621 -6.69127
-6.27963 -6.65856
-6.22304 -6.62586
-6.16646 -6.59317
-6.10989 -6.56045
-6.05332 -6.52768
-5.99677 -6.49486
-5.94025 -6.46195
-5.88379 -6.42898
-5.82737 -6.39597
-5.77101 -6.36289
-5.71469 -6.32976
-5.65844 -6.29656
-5.60227 -6.26331
-5.54617 -6.22999
-5.49015 -6.19662
-5.43424 -6.16315
-5.37846 -6.12961
-5.32283 -6.09597
-5.26736 -6.06223
-5.21205 -6.02839
-5.15691 -5.99445
-5.1019 -5.96039
-5.04702 -5.92622
-4.99225 -5.89191
-4.93761 -5.85748
-4.8831 -5.82293
-4.82871 -5.78829
-4.77448 -5.75358
-4.72037 -5.71883
-4.66637 -5.68406
-4.61249 -5.64928
-4.55871 -5.61445
-4.50505 -5.57958
-4.4515 -5.54467
-4.39807 -5.50967
-4.34474 -5.47459
-4.29154 -5.43942
-4.23844 -5.40417
-4.18547 -5.36889
-4.13261 -5.33355
-4.07985 -5.29811
-4.02716 -5.26254
-3.97453 -5.22684
-3.92198 -5.191
-3.86952 -5.155
-3.81713 -5.11887
-3.7648 -5.0826
-3.71254 -5.04621
-3.66034 -5.00969
-3.6082 -4.97309
-3.55609 -4.93641
-3.50399 -4.89968
-3.45188 -4.86291
-3.39979 -4.82613
-3.34775 -4.78929
-3.29576 -4.7524
-3.24383 -4.71545
-3.19196 -4.67846
-3.14017 -4.64144
-3.08846 -4.60442
-3.03687 -4.56743
-2.98541 -4.53044
-2.93409 -4.49343
-2.88287 -4.45638
-2.83179 -4.41925
-2.78086 -4.38207
-2.73008 -4.34486
-2.67946 -4.30761
-2.62902 -4.27033
-2.57874 -4.23299
-2.52861 -4.19558
-2.4786 -4.15812
-2.42874 -4.12064
-2.37901 -4.08311
-2.3294 -4.04557
-2.27991 -4.00803
-2.23052 -3.97048
-2.18124 -3.93291
-2.13202 -3.89534
-2.08288 -3.85778
-2.03381 -3.82022
-1.98479 -3.78265
-1.9358 -3.74502
-1.88681 -3.70739
-1.83786 -3.66974
-1.78894 -3.63207
-1.74006 -3.59434
-1.69122 -3.55652
-1.64243 -3.51864
-1.59372 -3.48075
-1.5451 -3.44283
-1.49658 -3.40492
-1.44817 -3.36695
-1.3999 -3.32889
-1.35173 -3.29068
-1.30369 -3.2523
-1.2558 -3.21373
-1.20808 -3.17498
-1.1605 -3.13604
-1.11304 -3.0969
-1.06567 -3.05756
-1.01841 -3.01801
-0.971261 -2.97832
-0.924192 -2.93848
-0.877182 -2.89854
-0.830253 -2.85852
-0.783375 -2.81845
-0.736534 -2.77833
-0.68972 -2.73812
-0.642902 -2.6978
-0.596076 -2.65737
-0.549233 -2.61687
-0.502383 -2.57631
-0.455491 -2.5357
-0.408541 -2.49501
-0.361494 -2.45425
-0.314348 -2.4134
-0.267123 -2.37243
-0.219843 -2.33137
-0.172536 -2.29022
-0.125241 -2.24896
-0.0779378 -2.20749
-0.0305524 -2.16544
0.0169104 -2.12286
0.064453 -2.07973
0.112077 -2.03602
0.159803 -1.99173
0.207624 -1.94679
0.255535 -1.90125
0.303522 -1.85507
0.351577 -1.80823
0.39971 -1.76075
0.447914 -1.71266
0.49622 -1.66399
0.54469 -1.61473
0.593355 -1.56495
0.642201 -1.51467
0.691243 -1.46387
0.740536 -1.4125
0.790037 -1.3606
0.839734 -1.30814
0.889627 -1.25523
0.93969 -1.2021
0.989883 -1.14877
1.04021 -1.09522
1.09069 -1.04146
1.14132 -0.987455
1.19207 -0.933176
1.24293 -0.878618
1.29388 -0.823792
1.34492 -0.768696
1.39605 -0.713299
1.44728 -0.657633
1.49859 -0.601689
1.55001 -0.545433
1.60149 -0.488834
1.65304 -0.431887
1.70462 -0.374605
1.75623 -0.31699
1.80785 -0.259036
1.85949 -0.200726
1.91115 -0.142035
1.96286 -0.0830263
2.01463 -0.0237111
2.06644 0.035917
2.11833 0.095852
2.1703 0.156039
2.22238 0.216467
2.27455 0.277157
2.32682 0.338135
2.37915 0.399316
2.43143 0.460363
2.48362 0.521351
2.53574 0.582266
2.58784 0.643083
2.63993 0.703789
2.692 0.764294
2.74409 0.824627
2.79622 0.884736
2.84835 0.944614
2.90042 1.00421
2.95245 1.06354
3.0044 1.12263
3.05621 1.18145
3.10787 1.24005
3.15937 1.29843
3.21067 1.35663
3.26178 1.4146
3.31274 1.4724
3.36353 1.53002
3.41413 1.58751
3.4646 1.64508
3.51494 1.7027
3.56514 1.76037
3.61519 1.81811
3.66512 1.8759
3.71498 1.93374
3.76474 1.99162
3.81443 2.04955
3.86406 2.10755
3.91367 2.16561
3.96328 2.22374
4.01293 2.28187
4.06264 2.34005
4.11246 2.39825
4.16236 2.45646
4.21233 2.51465
4.26237 2.57281
4.31249 2.63093
4.36267 2.68901
4.41293 2.74699
4.46323 2.80492
4.51356 2.86284
4.56389 2.92075
4.61418 2.97866
4.66441 3.0366
4.71458 3.09461
4.7647 3.15263
4.81477 3.21063
4.86479 3.26856
4.91483 3.32643
4.96492 3.38423
5.01501 3.44198
5.06506 3.49965
5.11502 3.55727
5.16485 3.61486
5.21451 3.67245
5.26397 3.73002
5.31328 3.78762
5.36244 3.84526
5.41149 3.90299
5.46043 3.96077
5.50931 4.01859
5.55811 4.07645
5.60684 4.13435
5.6555 4.19228
5.70408 4.25028
5.75253 4.30834
5.8009 4.36643
5.84921 4.42459
5.89751 4.48279
5.94583 4.54107
5.99417 4.59949
6.04256 4.65806
6.09096 4.71669
6.13941 4.77536
6.18789 4.8341
6.23637 4.89292
6.28485 4.9518
6.33325 5.01079
6.38149 5.06996
6.42948 5.12937
6.47722 5.18896
6.52467 5.24876
6.57188 5.30873
6.61891 5.36893
6.66579 5.42933
6.71255 5.48992
6.75922 5.55073
6.80575 5.61177
6.85215 5.67306
6.89841 5.73456
6.94455 5.79618
6.99062 5.85789
7.03661 5.91967
7.08251 5.98152
7.12834 6.04349
7.17411 6.10563
7.21981 6.16794
7.26541 6.23046
7.31088 6.2932
7.35625 6.35612
7.40152 6.41921
7.44669 6.48244
7.49178 6.54581
7.53684 6.60932
7.58192 6.67295
7.627 6.73661
7.67209 6.80025
7.71717 6.86386
7.76225 6.92747
7.80731 6.99109
7.85233 7.05476
7.89729 7.11851
7.94223 7.18233
7.98713 7.24616
8.03199 7.31
8.07677 7.37382
8.12149 7.43762
8.16611 7.50143
8.21061 7.56526
8.255 7.62899
8.29929 7.69262
8.3434 7.75623
8.38735 7.81984
8.43112 7.88347
8.47471 7.94713
8.51811 8.0108
8.56133 8.07445
8.60446 8.13804
8.64753 8.20157
8.6906 8.26506
8.7337 8.32839
8.77683 8.39159
8.81994 8.4546
8.86301 8.51747
8.90601 8.58021
8.94895 8.64281
8.99181 8.70526
9.03462 8.76756
9.0774 8.8297
9.12016 8.89177
9.16289 8.95377
9.20555 9.0157
9.24814 9.07758
9.29063 9.1394
9.33304 9.20117
9.37533 9.2629
9.41752 9.32454
9.45964 9.38605
9.50164 9.4475
9.54356 9.50895
9.58536 9.57039
9.62708 9.63179
9.66867 9.69317
9.71014 9.75455
9.75154 9.81596
9.79288 9.87743
9.83416 9.93895
9.87534 10.0005
9.91647 10.0621
9.95759 10.1237
9.99873 10.1852
10.0399 10.2466
10.081 10.308
10.1222 10.3694
10.1634 10.4307
10.2046 10.492
10.2457 10.5533
10.2868 10.6146
10.3277 10.6757
10.3686 10.7369
10.4095 10.7979
10.4504 10.8589
10.4913 10.9197
10.5322 10.9804
10.573 11.0409
10.6139 11.1013
10.6547 11.1614
10.6955 11.2214
10.7363 11.2811
10.7769 11.3408
10.8173 11.4003
10.8577 11.4598
10.8979 11.5191
10.9379 11.5784
10.9779 11.6375
11.0176 11.6965
11.0573 11.7554
11.0968 11.8142
11.1362 11.8729
11.1754 11.9315
11.2146 11.99
11.2537 12.0485
11.2927 12.1069
11.3317 12.1651
11.3705 12.2233
11.4093 12.2813
11.4479 12.3392
11.4864 12.397
11.5249 12.4545
11.5633 12.512
11.6018 12.5693
11.6403 12.6264
11.6788 12.6833
11.7173 12.74
11.7556 12.7964
11.7939 12.8527
11.8321 12.9087
11.8702 12.9645
11.9081 13.02
11.9459 13.0753
11.9834 13.1304
12.0207 13.1853
12.0577 13.2399
12.0945 13.2943
12.131 13.3485
12.1674 13.4024
12.2036 13.4561
12.2396 13.5095
12.2754 13.5627
12.311 13.6155
12.3464 13.6681
12.3816 13.7203
12.4166 13.7723
12.4514 13.824
12.486 13.8755
12.5203 13.9268
12.5544 13.9777
12.5882 14.0285
12.6218 14.0789
12.6551 14.129
12.6882 14.1789
12.721 14.2283
12.7536 14.2775
12.7859 14.3263
12.818 14.3748
12.8497 14.4229
12.8811 14.4707
12.9121 14.5181
12.9428 14.5651
12.9732 14.6116
13.0031 14.6576
13.0327 14.7031
13.062 14.7481
13.0909 14.7927
13.1196 14.8367
13.1479 14.8803
13.176 14.9234
13.2036 14.966
13.2309 15.0079
13.2577 15.0493
13.2842 15.09
13.3101 15.1302
13.3357 15.1698
13.3608 15.2089
13.3856 15.2476
13.41 15.2859
13.4341 15.3239
13.4578 15.3617
13.4813 15.3992
13.5046 15.4366
13.5276 15.4736
13.5504 15.5104
13.5729 15.5468
13.5951 15.5828
13.6171 15.6183
13.6388 15.6534
13.6602 15.6881
13.6813 15.7223
13.7022 15.7561
13.7228 15.7896
13.7432 15.8229
13.7633 15.8559
13.7831 15.8886
13.8027 15.9211
13.8221 15.9533
13.8414 15.9853
13.8605 16.0172
13.8794 16.0488
13.8982 16.0804
13.9168 16.1119
13.9354 16.1435
13.9538 16.175
13.9721 16.2065
13.9903 16.2381
14.0084 16.2696
14.0265 16.3013
14.0446 16.3331
14.0627 16.365
14.0807 16.397
14.0989 16.4292
14.117 16.4615
14.1354 16.494
14.1538 16.5266
14.1725 16.5594
14.1915 16.5922
14.2108 16.6252
14.2305 16.6583
14.2504 16.6916
14.2706 16.7249
14.291 16.7586
14.3115 16.7926
14.3321 16.827
14.3525 16.862
14.373 16.8974
14.3936 16.9333
14.4142 16.9694
14.4349 17.0058
14.4557 17.0422
14.4767 17.0788
14.498 17.1154
14.5198 17.1523
14.5419 17.1895
14.5645 17.2271
14.5876 17.2651
14.6111 17.3035
14.635 17.3424
14.6594 17.3818
14.6842 17.4218
14.7093 17.4623
14.7349 17.5033
14.7608 17.5447
14.7871 17.5866
14.8138 17.6289
14.8408 17.6717
14.8682 17.7149
14.896 17.7585
14.9242 17.8025
14.9528 17.8469
14.9817 17.8916
15.0111 17.9366
15.0407 17.9819
15.0705 18.0274
15.1005 18.073
15.1307 18.1189
15.1611 18.1649
15.1916 18.2111
15.2222 18.2574
15.2529 18.3038
15.2838 18.3504
15.3148 18.3971
15.3458 18.444
15.3768 18.491
15.4077 18.5382
15.4385 18.5855
15.4692 18.633
15.4997 18.6806
15.5301 18.7286
15.5604 18.7767
15.5907 18.8251
15.621 18.8737
15.6515 18.9222
15.6822 18.9707
15.7131 19.0191
15.7441 19.0676
15.7751 19.1162
15.8061 19.1648
15.8371 19.2136
15.868 19.2627
15.8988 19.3119
15.9293 19.3613
15.9597 19.4109
15.9899 19.4607
16.0199 19.5107
16.0497 19.5609
16.0793 19.6111
16.1088 19.6614
16.1382 19.7117
16.1675 19.762
16.1968 19.8122
16.2259 19.8624
16.2546 19.9126
16.283 19.9628
16.3111 20.013
16.3389 20.0632
16.3663 20.1136
16.3934 20.164
16.42 20.2145
16.4463 20.265
16.4721 20.3157
16.4977 20.3665
16.5229 20.4176
16.548 20.4688
16.5727 20.5203
16.5972 20.572
16.6214 20.6239
16.6454 20.676
16.6691 20.7283
16.6926 20.7809
16.7158 20.8337
16.7387 20.8868
16.7616 20.9401
16.7844 20.9936
16.8072 21.0475
16.8299 21.1016
16.8527 21.156
16.8754 21.2107
16.8982 21.2657
16.9209 21.3209
16.9437 21.3765
16.9664 21.4322
16.9891 21.4883
17.0118 21.5446
17.0345 21.601
17.0572 21.6577
17.0799 21.7146
17.1027 21.7718
17.1255 21.8291
17.1484 21.8868
17.1713 21.9446
17.1942 22.0027
17.2172 22.061
17.2401 22.1195
17.2631 22.1783
17.2861 22.2372
17.3091 22.2963
17.332 22.3556
17.3549 22.4151
17.3777 22.4748
17.4006 22.5346
17.4238 22.5945
17.4473 22.6546
17.4711 22.7149
17.4951 22.7753
17.5195 22.8358
17.5441 22.8964
17.5691 22.9571
17.5942 23.0179
17.6196 23.0788
17.6453 23.1397
17.6712 23.2005
17.6972 23.2614
17.7236 23.322
17.7502 23.3826
17.7771 23.4431
17.8043 23.5035
17.8319 23.5638
17.8599 23.624
17.8883 23.6841
17.917 23.7442
17.9459 23.8041
17.9751 23.8639
18.0044 23.9237
18.0339 23.9833
18.0636 24.0428
18.0936 24.1022
18.1238 24.1615
18.1543 24.2206
18.185 24.2795
18.216 24.3384
18.2472 24.397
18.2787 24.4556
18.3104 24.5142
18.3422 24.5727
18.3741 24.6312
18.4062 24.6898
18.4382 24.7485
18.4702 24.8072
18.5022 24.8659
18.5342 24.9246
18.5662 24.9832
18.5983 25.0417
18.6304 25.1003
18.6627 25.1587
18.6952 25.2171
18.7278 25.2755
18.7606 25.3337
18.7936 25.392
18.8267 25.4501
18.8598 25.5083
18.893 25.5665
18.9262 25.6247
18.9595 25.6828
18.9927 25.741
19.0261 25.7993
19.0596 25.8575
19.0932 25.9157
19.127 25.9739
19.1609 26.0322
19.195 26.0904
19.2293 26.1488
19.2638 26.2073
19.2984 26.266
19.3332 26.3248
19.368 26.3838
19.4028 26.4429
19.4376 26.5022
19.4724 26.5616
19.5072 26.6212
19.5419 26.681
19.5767 26.7409
19.6114 26.801
19.6462 26.8613
19.6811 26.9218
19.716 26.9825
19.7509 27.0435
19.7857 27.1047
19.8206 27.1662
19.8554 27.228
19.8902 27.2899
19.925 27.3519
19.96 27.414
19.995 27.4761
20.0303 27.5383
20.0657 27.6004
20.1014 27.6625
20.1372 27.7245
20.1733 27.7865
20.2095 27.8486
20.2458 27.9106
20.2822 27.9727
20.3187 28.035
20.3551 28.0975
20.3914 28.1601
20.4277 28.2229
20.464 28.2859
20.5001 28.3492
20.5362 28.4125
20.5723 28.4761
20.6083 28.5397
20.6442 28.6034
20.68 28.6671
20.7157 28.7309
20.7514 28.7948
20.7869 28.8588
20.8223 28.9229
20.8577 28.9871
20.893 29.0514
20.9282 29.1158
20.9633 29.1803
20.9984 29.2449
21.0333 29.3093
21.0681 29.3736
21.1028 29.4378
21.1375 29.5019
21.1721 29.5658
21.2067 29.6296
21.2412 29.6933
21.2757 29.7568
21.3102 29.8202
21.3444 29.8834
21.3785 29.9466
21.4123 30.0096
21.4459 30.0724
21.4794 30.1351
21.5126 30.1976
21.5457 30.26
21.5787 30.3222
21.6114 30.3843
21.6438 30.4462
21.676 30.508
21.7079 30.5696
21.7395 30.6311
21.7709 30.6924
21.8021 30.7535
21.8331 30.8145
21.8639 30.8754
21.8945 30.9361
21.9248 30.9966
21.955 31.0569
21.985 31.1169
22.0148 31.1765
22.0444 31.2358
22.0739 31.2948
22.1032 31.3535
22.1323 31.412
22.1612 31.4702
22.1899 31.5282
22.2185 31.5858
22.247 31.6431
22.2753 31.7002
22.3035 31.7571
22.3315 31.8137
22.3593 31.87
22.387 31.926
22.4144 31.9819
22.4416 32.0375
22.4685 32.0929
22.4953 32.148
22.522 32.203
22.5485 32.258
22.5749 32.3128
22.6012 32.3676
22.6274 32.4223
22.6535 32.477
22.6795 32.5317
22.7054 32.5863
22.7312 32.641
22.7569 32.6957
22.7825 32.7504
22.808 32.805
22.8335 32.8595
22.8589 32.9138
22.8844 32.9679
22.9098 33.022
22.9352 33.0758
22.9607 33.1295
22.9862 33.1831
23.0118 33.2365
23.0375 33.2899
23.0631 33.3431
23.0888 33.3963
23.1144 33.4494
23.1399 33.5024
23.1654 33.5553
23.1909 33.6081
23.2164 33.6609
23.242 33.7136
23.2676 33.7663
23.2934 33.8189
23.3192 33.8716
23.3452 33.9243
23.3712 33.9772
23.3973 34.0301
23.4236 34.0832
23.4499 34.1363
23.4764 34.1896
23.503 34.243
23.5296 34.2966
23.5563 34.3503
23.5831 34.4042
23.6101 34.4582
23.6371 34.5124
23.6642 34.5667
23.6914 34.6211
23.7187 34.6756
23.7461 34.7301
23.7737 34.7848
23.8014 34.8397
23.8293 34.8948
23.8572 34.9501
23.8852 35.0056
23.9132 35.0613
23.9414 35.1171
23.9696 35.1731
23.9979 35.2293
24.0263 35.2856
24.0548 35.3419
24.0835 35.3985
24.1123 35.4551
24.1412 35.5121
24.1702 35.5693
24.1992 35.6268
24.2283 35.6846
24.2574 35.7427
24.2864 35.8011
24.3154 35.8597
24.3443 35.9186
24.3731 35.9777
24.402 36.0372
24.4307 36.0969
24.4594 36.1568
24.4881 36.2171
24.5166 36.2775
24.5452 36.3382
24.5737 36.399
24.6021 36.4601
24.6304 36.5213
24.6587 36.5828
24.6867 36.6444
24.7146 36.706
24.7422 36.7677
24.7697 36.8294
24.797 36.8912
24.8242 36.953
24.8512 37.0148
24.8782 37.0767
24.9051 37.1386
24.9319 37.2005
24.9586 37.2624
24.9852 37.3244
25.0117 37.3864
25.0382 37.4483
25.0646 37.5104
25.0908 37.5725
25.1169 37.6346
25.1428 37.6968
25.1685 37.759
25.1941 37.8212
25.2195 37.8833
25.2448 37.9454
25.2701 38.0074
25.2952 38.0694
25.3202 38.1313
25.3452 38.1931
25.3701 38.2549
25.3949 38.3166
25.4195 38.3782
25.444 38.4397
25.4684 38.5011
25.4925 38.5624
25.5164 38.6236
25.5401 38.6847
25.5634 38.7457
25.5864 38.8067
25.6092 38.8675
25.6317 38.9282
25.6538 38.9887
25.6758 39.0491
25.6975 39.1093
25.719 39.1694
25.7404 39.2294
25.7615 39.2892
25.7824 39.349
25.803 39.4087
25.8232 39.4683
25.8432 39.5278
25.863 39.5873
25.8825 39.6466
25.9019 39.7059
25.921 39.7652
25.94 39.8244
25.9586 39.8836
25.9769 39.9426
25.9949 40.0016
26.0126 40.0606
26.03 40.1195
26.047 40.1784
26.0637 40.2371
26.0802 40.2958
26.0963 40.3544
26.1121 40.413
26.1275 40.4715
26.1426 40.5299
26.1575 40.5882
26.172 40.6464
26.1863 40.7045
26.2002 40.7625
26.2139 40.8203
26.2271 40.8781
26.2401 40.9358
26.2529 40.9934
26.2657 41.051
26.2783 41.1085
26.2907 41.166
26.3028 41.2234
26.3149 41.2807
26.3267 41.338
26.3383 41.3952
26.3498 41.4524
26.3613 41.5094
26.3728 41.5663
26.3842 41.6232
26.3957 41.6799
26.4073 41.7367
26.4188 41.7933
26.4304 41.8498
26.442 41.9064
26.4537 41.9629
26.4655 42.0194
26.4773 42.0759
26.4892 42.1322
26.5011 42.1883
26.5129 42.2442
26.5248 42.3
26.5367 42.3557
26.5487 42.4113
26.5605 42.4668
26.5723 42.5221
26.584 42.5774
26.5957 42.6325
26.6075 42.6875
26.6194 42.7425
26.6313 42.7972
26.6434 42.8519
26.6557 42.9065
26.6681 42.9609
26.6807 43.0151
26.6934 43.0692
26.7062 43.1231
26.7191 43.1769
26.7321 43.2306
26.7452 43.2842
26.7584 43.3377
26.7717 43.3912
26.7851 43.4446
26.7987 43.4979
26.8124 43.5512
26.8261 43.6045
26.84 43.6577
26.8538 43.7109
26.8674 43.7642
26.8809 43.8174
26.8942 43.8708
26.9074 43.9241
26.9205 43.9775
26.9334 44.0309
26.9462 44.0842
26.959 44.1377
26.9717 44.1911
26.9844 44.2446
26.9971 44.2979
27.0096 44.3511
27.0222 44.4042
27.0347 44.4572
27.0471 44.5101
27.0595 44.5628
27.0716 44.6155
27.0837 44.668
27.0955 44.7205
27.1073 44.7731
27.1189 44.8257
27.1305 44.8784
27.142 44.9311
27.1535 44.9838
27.1649 45.0365
27.1764 45.0891
27.1878 45.1417
27.1993 45.1942
27.2107 45.2466
27.2221 45.299
27.2336 45.3515
27.2453 45.404
27.257 45.4566
27.2687 45.5092
27.2805 45.5619
27.2924 45.6148
27.3045 45.6677
27.3166 45.7208
27.3289 45.774
27.3415 45.8273
27.3542 45.8807
27.3671 45.9342
27.3802 45.9878
27.3935 46.0416
27.4071 46.0955
27.4209 46.1496
27.4348 46.2039
27.4489 46.2584
27.4631 46.3129
27.4774 46.3676
27.4917 46.4226
27.5061 46.4778
27.5206 46.5335
27.5352 46.5895
27.5498 46.646
27.5645 46.703
27.5792 46.7604
27.5937 46.8183
27.6081 46.8766
27.6224 46.9355
27.6368 46.995
27.6511 47.055
27.6654 47.1155
27.6798 47.1766
27.6942 47.2382
27.7088 47.3002
27.7235 47.3627
27.7384 47.4257
27.7535 47.4891
27.7687 47.5528
27.7841 47.6167
27.7997 47.6808
27.8154 47.7451
27.8311 47.8097
27.8468 47.8746
27.8625 47.9399
27.8782 48.0055
27.8939 48.0713
27.9095 48.1375
27.9251 48.2038
27.9404 48.2703
27.9557 48.337
27.9707 48.4039
27.9856 48.4709
28.0003 48.5381
28.0149 48.6053
28.0292 48.6727
28.0433 48.7401
28.0572 48.8076
28.0708 48.8753
28.0843 48.9432
28.0976 49.0113
28.1107 49.0798
28.1237 49.1484
28.1364 49.2174
28.1489 49.2866
28.1613 49.356
28.1734 49.4257
28.1853 49.4957
28.1972 49.5657
28.2089 49.6358
28.2206 49.7058
28.2322 49.7759
28.2439 49.8461
28.2557 49.9161
28.2676 49.9862
28.2796 50.0563
28.292 50.1265
28.3044 50.1968
28.3171 50.2671
28.3297 50.3374
28.3424 50.4077
28.355 50.4781
28.3674 50.5486
28.3798 50.6191
28.392 50.6897
28.4039 50.7604
28.4157 50.8312
28.4273 50.9022
28.4386 50.9736
28.4498 51.0454
28.4608 51.1174
28.4716 51.1898
28.4825 51.2624
28.4933 51.3352
28.5042 51.4081
28.5151 51.4812
28.5259 51.5546
28.5367 51.628
28.5474 51.7016
28.5581 51.7754
28.5687 51.8492
28.5792 51.9232
28.5897 51.9973
28.6001 52.0716
28.6104 52.146
28.6205 52.2205
28.6306 52.2952
28.6405 52.3699
28.6503 52.4446
28.66 52.5193
28.6695 52.5939
28.6789 52.6685
28.6881 52.743
28.6972 52.8175
28.7061 52.8919
28.715 52.9662
28.7238 53.0405
28.7324 53.1148
28.7408 53.1891
28.7489 53.2633
28.7567 53.3375
28.7641 53.4116
28.7711 53.4857
28.7777 53.5597
28.7839 53.6336
28.7897 53.7074
28.7951 53.781
28.8 53.8546
28.8046 53.9281
28.8089 54.0015
28.813 54.0749
28.8168 54.1481
28.8205 54.2213
28.8241 54.2943
28.8274 54.3674
28.8306 54.4404
28.8337 54.5133
28.8365 54.5861
28.8392 54.6589
28.8418 54.7316
28.8443 54.8042
28.8467 54.8769
28.8489 54.9496
28.8511 55.0223
28.8532 55.095
28.8552 55.1678
28.8571 55.2406
28.8589 55.3136
28.8607 55.3866
28.8624 55.4598
28.864 55.533
28.8656 55.6065
28.867 55.68
28.8683 55.7536
28.8696 55.8274
28.8708 55.9013
28.8719 55.9752
28.8728 56.0492
28.8737 56.1233
28.8746 56.1975
28.8754 56.2717
28.8763 56.346
28.8772 56.4203
28.878 56.4947
28.8788 56.5692
28.8796 56.6436
28.8804 56.7179
28.8812 56.7922
28.8823 56.8665
28.8836 56.9409
28.8851 57.0152
28.8868 57.0895
28.8886 57.1638
28.8905 57.238
28.8925 57.3123
28.8945 57.3865
28.8966 57.4606
28.8987 57.5348
28.9009 57.6088
28.9032 57.6828
28.9056 57.7568
28.9081 57.8308
28.9106 57.9047
28.9133 57.9786
28.916 58.0524
28.9188 58.1262
28.9218 58.1999
28.9249 58.2736
28.9282 58.3472
28.9315 58.4207
28.935 58.4942
28.9386 58.5675
28.9422 58.6407
28.946 58.7138
28.9498 58.7867
28.9537 58.8595
28.9576 58.9322
28.9616 59.0048
28.9655 59.0772
28.9692 59.1494
28.9729 59.2214
28.9765 59.2933
28.98 59.365
28.9836 59.4365
28.9872 59.5079
28.9908 59.5792
28.9944 59.6502
28.998 59.7211
29.0015 59.7917
29.0049 59.862
29.0082 59.9321
29.0116 60.002
29.0149 60.0716
29.0183 60.141
29.0217 60.2102
29.0251 60.2792
29.0283 60.3481
29.0315 60.4167
29.0346 60.4851
29.0376 60.5532
29.0404 60.6212
29.0432 60.689
29.046 60.7567
29.0487 60.8243
29.0514 60.8917
29.054 60.959
29.0566 61.0261
29.0591 61.0932
29.0615 61.1602
29.0637 61.2271
29.0659 61.2938
29.068 61.3605
29.07 61.427
29.0719 61.4933
29.0738 61.5595
29.0756 61.6256
29.0772 61.6916
29.0787 61.7574
29.0801 61.8231
29.0813 61.8887
29.0825 61.9541
29.0834 62.0195
29.0842 62.0848
29.0849 62.15
29.0855 62.215
29.086 62.2799
29.0864 62.3448
29.0868 62.4095
29.0873 62.4741
29.088 62.5387
29.0888 62.6031
29.0896 62.6675
29.0905 62.7319
29.0914 62.7962
29.0923 62.8605
29.0931 62.9249
29.094 62.9892
29.0948 63.0536
29.0956 63.1181
29.0962 63.1828
29.0968 63.2476
29.0972 63.3125
29.0975 63.3776
29.0977 63.4428
29.0979 63.5082
29.0981 63.5737
29.0983 63.6393
29.0985 63.705
29.0987 63.771
29.0989 63.837
29.0991 63.9032
29.0993 63.9695
29.0996 64.0358
29.1 64.1022
29.1004 64.1685
29.101 64.2349
29.1018 64.3013
29.1026 64.3676
29.1034 64.4339
29.1044 64.5001
29.1055 64.5662
29.1066 64.6322
29.1078 64.6981
29.109 64.7638
29.1103 64.8294
29.1117 64.8949
29.1131 64.9602
29.1145 65.0253
29.116 65.0903
29.1176 65.1551
29.1192 65.2198
29.121 65.2844
29.1228 65.3488
29.1247 65.4131
29.1267 65.4772
29.1288 65.5411
29.1308 65.6049
29.1329 65.6685
29.1349 65.7319
29.1368 65.795
29.1388 65.8578
29.1406 65.9203
29.1425 65.9824
29.1444 66.0443
29.1464 66.1058
29.1484 66.167
29.1505 66.2279
29.1528 66.2884
29.1553 66.3484
29.1579 66.408
29.1608 66.4671
29.1638 66.5257
29.1668 66.5838
29.1699 66.6415
29.173 66.6986
29.1761 66.7554
29.1792 66.8115
29.1823 66.8672
29.1855 66.9223
29.1887 66.9771
29.1919 67.0316
29.1953 67.0858
29.1987 67.1398
29.2021 67.1935
29.2056 67.2471
29.209 67.3004
29.2125 67.3536
29.2159 67.4065
29.2193 67.4593
29.2227 67.512
29.226 67.5646
29.2294 67.617
29.2328 67.6693
29.2363 67.7215
29.2397 67.7736
29.2431 67.8257
29.2465 67.8776
29.2498 67.9294
29.2531 67.9812
29.2565 68.033
29.2598 68.0849
29.2632 68.1368
29.2667 68.1889
29.2702 68.241
29.2738 68.2932
29.2775 68.3455
29.2814 68.398
29.2853 68.4507
29.2895 68.5036
29.2937 68.5568
29.2981 68.6102
29.3025 68.6638
29.307 68.7177
29.3114 68.7719
29.3159 68.8263
29.3202 68.8809
29.3246 68.9358
29.3289 68.9908
29.3332 69.0461
29.3374 69.1015
29.3416 69.157
29.3457 69.2127
29.3499 69.2684
29.354 69.3243
29.3581 69.3803
29.3623 69.4365
29.3664 69.4928
29.3705 69.5493
29.3746 69.6056
29.3786 69.6619
29.3826 69.718
29.3866 69.7742
29.3905 69.8302
29.3945 69.8861
29.3985 69.9418
29.4027 69.9974
29.4069 70.0529
29.4113 70.1084
29.4157 70.1637
29.4202 70.2188
29.4247 70.2738
29.4292 70.3285
29.4337 70.3831
29.4381 70.4376
29.4425 70.4918
29.4469 70.546
29.4513 70.5999
29.4557 70.6536
29.46 70.707
29.4641 70.7601
29.4681 70.813
29.472 70.8655
29.4757 70.9177
29.4792 70.9696
29.4825 71.0212
29.4856 71.0725
29.4886 71.1234
29.4915 71.174
29.4943 71.2242
29.497 71.2738
29.4998 71.3227
29.5025 71.3709
29.5053 71.4185
29.508 71.4654
29.5107 71.5117
29.5133 71.5573
29.5159 71.6024
29.5184 71.6468
29.5208 71.6908
29.5232 71.7342
29.5255 71.7772
29.528 71.8196
29.5305 71.8615
29.533 71.9028
29.5357 71.9436
29.5384 71.9839
29.5412 72.0236
29.544 72.0628
29.5467 72.1015
29.5495 72.1396
29.5523 72.1771
29.5551 72.214
29.5579 72.2504
29.5606 72.2862
29.5632 72.3215
29.5657 72.3561
29.5681 72.3903
29.5705 72.4239
29.5728 72.4569
29.5751 72.4894
29.5775 72.5214
29.5798 72.5529
29.5823 72.5837
29.5847 72.614
29.5873 72.6438
29.5898 72.673
29.5925 72.7017
29.5951 72.7298
29.5977 72.7574
29.6003 72.7848
29.6029 72.8119
29.6056 72.8389
29.6082 72.8656
29.6108 72.8921
29.6135 72.9184
29.6161 72.9445
29.6188 72.9704
29.6214 72.9962
29.624 73.0221
29.6265 73.0482
29.629 73.0743
29.6315 73.1005
29.6339 73.1268
29.6363 73.1531
29.6386 73.1794
29.6408 73.2058
29.643 73.2322
29.6452 73.2586
29.6472 73.285
29.6491 73.3114
29.6509 73.3377
29.6525 73.3639
29.6541 73.3902
29.6555 73.4165
29.6567 73.4427
29.6579 73.4689
29.6589 73.495
29.6599 73.5211
29.6607 73.5471
29.6613 73.5732
29.6619 73.5993
29.6623 73.6253
29.6626 73.6513
29.6627 73.6774
29.6628 73.7035
29.6628 73.7296
29.6626 73.7556
29.6624 73.7817
29.662 73.8079
29.6618 73.8348
29.6618 73.8626
29.662 73.8912
29.6623 73.9205
29.6628 73.9505
29.6634 73.9813
29.6642 74.013
29.6652 74.0454
29.6664 74.0785
29.6678 74.1122
29.6696 74.1463
29.6715 74.1808
29.6737 74.2157
29.6761 74.2511
29.6787 74.2869
29.6816 74.3231
29.6846 74.3597
29.6879 74.3967
29.6913 74.4341
29.6949 74.4718
29.6984 74.509
29.7018 74.5457
29.705 74.582
29.7081 74.6179
29.7112 74.6533
29.7143 74.6884
29.7173 74.723
29.7202 74.7573
29.7232 74.7912
29.7261 74.8247
29.729 74.8579
29.7318 74.8908
29.7346 74.9233
29.7373 74.9555
29.7399 74.9873
29.7425 75.0188
29.7451 75.05
29.7476 75.0809
29.7501 75.1115
29.7525 75.1418
29.7551 75.1718
29.7579 75.2014
29.7608 75.2307
29.7639 75.2597
29.7671 75.2883
29.7704 75.3166
29.7739 75.3446
29.7775 75.3723
29.7812 75.3997
29.7848 75.426
29.7881 75.4511
29.7913 75.4754
29.7943 75.4986
29.7971 75.521
29.7997 75.5422
29.8021 75.5625
29.8044 75.5819
29.8065 75.6003
29.8084 75.6175
29.81 75.6339
29.8114 75.6498
