0 0
-0.00470651 0.00130262
-0.00987467 0.0029809
-0.0153149 0.0046634
-0.0209445 0.00645804
-0.0266629 0.00856854
-0.0325884 0.0105879
-0.0385751 0.012721
-0.0447644 0.014889
-0.0510747 0.0168966
-0.0576008 0.0189659
-0.0642928 0.0211708
-0.0711759 0.0234481
-0.0782077 0.0259042
-0.0855279 0.0285725
-0.0930643 0.0312198
-0.100681 0.0339559
-0.108483 0.0367562
-0.116756 0.0395482
-0.125163 0.0424924
-0.133908 0.0457025
-0.142703 0.049077
-0.151997 0.0525016
-0.162027 0.0557809
-0.17281 0.0588577
-0.183992 0.0618708
-0.195374 0.0652999
-0.206691 0.0688503
-0.218361 0.0728294
-0.230106 0.0775851
-0.242017 0.0824809
-0.254316 0.086889
-0.267508 0.0912078
-0.28134 0.0952878
-0.295498 0.0993288
-0.309886 0.103151
-0.324796 0.106577
-0.339942 0.110499
-0.355394 0.114873
-0.37136 0.119276
-0.387662 0.124121
-0.40475 0.129293
-0.421833 0.134954
-0.439013 0.140688
-0.457077 0.146016
-0.475507 0.151252
-0.494221 0.156956
-0.514036 0.162964
-0.533976 0.168421
-0.553824 0.174304
-0.573253 0.181373
-0.593409 0.188006
-0.613829 0.194318
-0.63431 0.20162
-0.654927 0.208959
-0.675538 0.21635
-0.696006 0.224553
-0.717066 0.233339
-0.738765 0.241751
-0.760529 0.25023
-0.783217 0.258855
-0.806657 0.266985
-0.83092 0.274806
-0.856465 0.28332
-0.882438 0.292733
-0.908506 0.30285
-0.934917 0.313397
-0.961434 0.324539
-0.987549 0.335743
-1.01357 0.347446
-1.04033 0.358768
-1.06677 0.369858
-1.09333 0.380695
-1.12051 0.390941
-1.14819 0.400638
-1.1751 0.410328
-1.20234 0.419129
-1.22915 0.427981
-1.25561 0.436181
-1.28241 0.444149
-1.3083 0.452264
-1.33478 0.459942
-1.36081 0.467246
-1.38723 0.474384
-1.41357 0.481977
-1.4401 0.489059
-1.46655 0.496946
-1.49236 0.505427
-1.51873 0.51444
-1.54476 0.523863
-1.57048 0.533507
-1.59692 0.543869
-1.62283 0.554265
-1.64874 0.56553
-1.67571 0.577252
-1.70321 0.588974
-1.73145 0.6
-1.75999 0.610451
-1.78898 0.621699
-1.81876 0.631415
-1.84893 0.641123
-1.8788 0.650104
-1.9081 0.658828
-1.93795 0.667492
-1.96822 0.676892
-1.99835 0.685925
-2.02869 0.695896
-2.05852 0.706421
-2.08813 0.717791
-2.11747 0.728847
-2.14776 0.740318
-2.17861 0.751899
-2.21018 0.761601
-2.24161 0.771158
-2.2733 0.780791
-2.30592 0.790073
-2.34039 0.799964
-2.3745 0.811673
-2.40892 0.823161
-2.4437 0.835808
-2.47959 0.848159
-2.51513 0.860811
-2.55162 0.873882
-2.58895 0.887092
-2.6268 0.899706
-2.66592 0.912781
-2.70533 0.925484
-2.74503 0.938794
-2.78499 0.952464
-2.82534 0.965756
-2.86589 0.978746
-2.90699 0.992723
-2.94937 1.00613
-2.9916 1.02008
-3.03477 1.03419
-3.07817 1.04803
-3.12318 1.06201
-3.16817 1.07574
-3.21287 1.09029
-3.25714 1.10545
-3.30172 1.12069
-3.34656 1.13623
-3.39136 1.15323
-3.43695 1.16868
-3.48337 1.18367
-3.52955 1.19845
-3.57569 1.2134
-3.62225 1.22771
-3.66876 1.24218
-3.7148 1.25764
-3.76094 1.27352
-3.80767 1.28883
-3.85412 1.30485
-3.90138 1.32161
-3.94982 1.33718
-4.03154 1.33827
-4.08227 1.34877
-4.12828 1.37216
-4.18057 1.38735
-4.22883 1.40049
-4.27908 1.41309
-4.32963 1.42933
-4.37849 1.44296
-4.43238 1.45835
-4.4789 1.4718
-4.53071 1.48521
-4.57989 1.50528
-4.62941 1.5239
-4.67807 1.53787
-4.72962 1.55314
-4.77992 1.56797
-4.8262 1.586
-4.88228 1.59733
-4.93334 1.6111
-4.98344 1.62258
-5.01682 1.66079
-5.06786 1.67407
-5.11845 1.68753
-5.16855 1.70077
-5.21817 1.71512
-5.26635 1.72856
-5.3145 1.74057
-5.36376 1.75284
-5.41271 1.76525
-5.46043 1.77778
-5.5081 1.79092
-5.55446 1.80391
-5.6006 1.8169
-5.64635 1.83039
-5.69202 1.84426
-5.73652 1.857
-5.77984 1.86938
-5.82324 1.88206
-5.8665 1.89447
-5.91014 1.90703
-5.95401 1.91986
-5.99693 1.93379
-6.03986 1.9482
-6.08272 1.96181
-6.12644 1.97534
-6.16952 1.98827
-6.21218 2.00114
-6.25415 2.01217
-6.2956 2.02333
-6.33664 2.03566
-6.37856 2.04844
-6.41952 2.06109
-6.46044 2.07479
-6.50195 2.08825
-6.54313 2.10216
-6.58339 2.11636
-6.6243 2.12976
-6.66609 2.14273
-6.70869 2.15538
-6.75155 2.16705
-6.79492 2.17825
-6.83865 2.18929
-6.88287 2.2005
-6.92728 2.21138
-6.97111 2.22343
-7.01505 2.2361
-7.05903 2.2488
-7.1024 2.26101
-7.14456 2.27347
-7.18627 2.28595
-7.22896 2.29896
-7.27205 2.31101
-7.3146 2.32324
-7.35719 2.33453
-7.40055 2.34584
-7.44484 2.35589
-7.49027 2.36722
-7.53552 2.37968
-7.58074 2.39214
-7.62587 2.40419
-7.66085 2.40355
-7.70217 2.41356
-7.74585 2.42326
-7.79136 2.43838
-7.83553 2.44767
-7.88056 2.45812
-7.92522 2.46966
-7.9705 2.48506
-8.01264 2.49876
-8.05721 2.51065
-8.10148 2.52503
-8.14658 2.53545
-8.19129 2.54899
-8.23776 2.56247
-8.28408 2.57615
-8.32657 2.59177
-8.37507 2.60512
-8.42093 2.61892
-8.46862 2.63266
-8.51893 2.64532
-8.56645 2.6601
-8.61633 2.67092
-8.66457 2.68105
-8.7136 2.69206
-8.76132 2.71026
-8.81282 2.72649
-8.86139 2.73565
-8.91251 2.74411
-8.9642 2.77117
-9.01462 2.78294
-9.06781 2.79475
-9.11756 2.80583
-9.17216 2.81703
-9.22214 2.82837
-9.27227 2.84386
-9.3186 2.85814
-9.36646 2.8682
-9.41682 2.87605
-9.46642 2.89593
-9.51497 2.91244
-9.56454 2.92835
-9.61717 2.94071
-9.66695 2.95052
-9.71841 2.96046
-9.77176 2.96784
-9.82113 2.98147
-9.87008 2.99278
-9.91857 3.01053
-9.96791 3.02912
-10.0178 3.0449
-10.0673 3.06127
-10.1163 3.07796
-10.1631 3.09091
-10.2127 3.10599
-10.2645 3.12521
-10.3128 3.14394
-10.3629 3.15627
-10.4139 3.17319
-10.4632 3.18437
-10.5145 3.19905
-10.5686 3.21069
-10.6222 3.22296
-10.6746 3.23771
-10.7294 3.25229
-10.7784 3.26411
-10.8317 3.27795
-10.8816 3.28695
-10.9375 3.299
-10.9885 3.31399
-11.0418 3.3267
-11.0945 3.33876
-11.1481 3.34404
-11.202 3.36437
-11.2542 3.37423
-11.3049 3.38385
-11.3563 3.39738
-11.4087 3.40577
-11.4546 3.41981
-11.5032 3.42957
-11.5542 3.44159
-11.6022 3.45229
-11.6526 3.46372
-11.6991 3.47758
-11.7475 3.48702
-11.7934 3.49915
-11.8374 3.51623
-11.8865 3.54079
-11.9328 3.55026
-11.9805 3.56095
-12.0274 3.57265
-12.0771 3.58821
-12.1224 3.6019
-12.1683 3.61538
-12.2156 3.62439
-12.2625 3.6344
-12.309 3.64804
-12.3539 3.66181
-12.4027 3.67441
-12.4478 3.68709
-12.4933 3.69719
-12.5379 3.7121
-12.5801 3.72236
-12.6234 3.73011
-12.6696 3.74703
-12.7124 3.76131
-12.7589 3.77727
-12.8034 3.78934
-12.8473 3.79788
-12.8936 3.80887
-12.938 3.81765
-12.9861 3.82804
-13.0303 3.84314
-13.0773 3.85499
-13.1248 3.86647
-13.1723 3.87281
-13.2182 3.88329
-13.2639 3.89659
-13.3075 3.9055
-13.3518 3.91619
-13.3972 3.92268
-13.4411 3.92971
-13.4849 3.94525
-13.5308 3.95639
-13.5786 3.9627
-13.6273 3.97285
-13.6695 3.9852
-13.7097 4.00311
-13.7537 4.01458
-13.7931 4.02412
-13.8336 4.03804
-13.8721 4.04609
-13.9095 4.06068
-13.9493 4.08025
-13.9863 4.09683
-14.0239 4.10899
-14.065 4.11584
-14.1056 4.12186
-14.1443 4.13112
-14.1887 4.14432
-14.2305 4.1544
-14.27 4.1676
-14.3099 4.17829
-14.3497 4.18415
-14.3907 4.1925
-14.4295 4.20431
-14.4685 4.21362
-14.5076 4.2237
-14.5472 4.23176
-14.5895 4.24512
-14.6287 4.25979
-14.6661 4.26727
-14.7073 4.27493
-14.7477 4.28438
-14.7845 4.29372
-14.8236 4.30325
-14.8628 4.31289
-14.9006 4.32298
-14.942 4.33431
-14.9844 4.34511
-15.0246 4.35357
-15.0658 4.35833
-15.107 4.36907
-15.1518 4.38238
-15.1948 4.39187
-15.2357 4.39813
-15.2827 4.40363
-15.3284 4.40895
-15.3704 4.41588
-15.4147 4.427
-15.4599 4.43524
-15.5032 4.44443
-15.5453 4.44926
-15.5883 4.45703
-15.6312 4.46728
-15.6723 4.48633
-15.711 4.50634
-15.7504 4.51967
-15.7908 4.52904
-15.8322 4.53974
-15.873 4.55203
-15.9093 4.56774
-15.9439 4.58124
-15.9773 4.58778
-16.0118 4.59256
-16.0482 4.59968
-16.0865 4.60601
-16.1227 4.61166
-16.1597 4.61901
-16.1917 4.62371
-16.2237 4.63276
-16.2568 4.64292
-16.2945 4.65057
-16.3305 4.65593
-16.3641 4.66362
-16.3956 4.67298
-16.4276 4.68068
-16.4613 4.68535
-16.4978 4.69291
-16.5328 4.70255
-16.568 4.71125
-16.6031 4.72299
-16.6385 4.73379
-16.673 4.74127
-16.7101 4.749
-16.7486 4.75789
-16.7853 4.7645
-16.8179 4.77311
-16.8554 4.79272
-16.8912 4.80241
-16.9267 4.81004
-16.9658 4.81833
-17.0066 4.82942
-17.048 4.84187
-17.0904 4.85179
-17.1308 4.85692
-17.1725 4.86372
-17.2141 4.8673
-17.2562 4.86812
-17.299 4.87202
-17.3397 4.87626
-17.3797 4.87992
-17.4198 4.88599
-17.4611 4.895
-17.5021 4.90793
-17.5425 4.92034
-17.5835 4.93265
-17.6268 4.94145
-17.6692 4.95556
-17.7133 4.9633
-17.7578 4.97067
-17.8011 4.97874
-17.8395 4.987
-17.8817 4.99855
-17.9259 5.00919
-17.9664 5.01811
-18.0056 5.03181
-18.0458 5.04161
-18.0859 5.05148
-18.1279 5.05957
-18.1658 5.06956
-18.2059 5.08409
-18.2461 5.09834
-18.2858 5.10846
-18.3279 5.1227
-18.3686 5.13567
-18.4104 5.14484
-18.4554 5.15738
-18.4982 5.16628
-18.5447 5.1767
-18.5924 5.18754
-18.6386 5.19389
-18.6838 5.19941
-18.7286 5.21592
-18.7746 5.22667
-18.816 5.23918
-18.859 5.25232
-18.9035 5.26413
-18.9502 5.27133
-18.9982 5.27896
-19.0434 5.29264
-19.0887 5.30273
-19.1385 5.31022
-19.1834 5.31713
-19.2271 5.32845
-19.2725 5.34042
-19.3191 5.34578
-19.3674 5.35369
-19.4135 5.36159
-19.4569 5.37138
-19.5035 5.38756
-19.5481 5.39427
-19.5933 5.40698
-19.6434 5.42021
-19.6922 5.42989
-19.7371 5.4429
-19.7872 5.45559
-19.834 5.4677
-19.883 5.47268
-19.93 5.48816
-19.9742 5.50134
-20.0234 5.51218
-20.0711 5.52151
-20.1171 5.53493
-20.1631 5.54852
-20.2119 5.55878
-20.2591 5.56742
-20.3092 5.57935
-20.3605 5.58622
-20.4144 5.59437
-20.4662 5.60041
-20.5189 5.60969
-20.5714 5.61864
-20.6214 5.62852
-20.6747 5.63979
-20.7246 5.65142
-20.7749 5.66261
-20.8265 5.67442
-20.8767 5.68788
-20.9228 5.69462
-20.975 5.70372
-21.023 5.71184
-21.0736 5.72229
-21.123 5.73088
-21.1699 5.74216
-21.2206 5.75357
-21.2644 5.75809
-21.3141 5.77082
-21.3623 5.7824
-21.4099 5.79364
-21.4616 5.80837
-21.507 5.81765
-21.5517 5.8255
-21.5965 5.83846
-21.6444 5.8496
-21.6877 5.86073
-21.7318 5.86852
-21.7777 5.87807
-21.8234 5.88808
-21.8678 5.89743
-21.9152 5.90708
-21.96 5.91698
-22.006 5.9262
-22.0523 5.93376
-22.0999 5.94554
-22.1462 5.95498
-22.1902 5.96421
-22.2403 5.97304
-22.2866 5.9818
-22.33 5.98753
-22.3891 5.9953
-22.4374 6.00505
-22.4864 6.01351
-22.5343 6.02404
-22.582 6.03644
-22.6271 6.04427
-22.672 6.05403
-22.7193 6.06409
-22.7615 6.07136
-22.8067 6.07999
-22.8538 6.08784
-22.9004 6.09627
-22.9465 6.10738
-22.989 6.11814
-23.0349 6.12638
-23.0801 6.13398
-23.1219 6.14216
-23.1683 6.15185
-23.2117 6.1607
-23.2536 6.17184
-23.2993 6.18201
-23.3463 6.18847
-23.3906 6.1943
-23.433 6.20256
-23.4779 6.21199
-23.5193 6.21899
-23.5615 6.2231
-23.6083 6.22915
-23.6509 6.23381
-23.6931 6.24104
-23.7382 6.25154
-23.7794 6.26023
-23.8198 6.27118
-23.8619 6.2812
-23.9048 6.29084
-23.9482 6.30059
-23.989 6.31082
-24.0294 6.31426
-24.0743 6.3213
-24.1157 6.32909
-24.1552 6.33203
-24.1976 6.33676
-24.2381 6.34051
-24.2784 6.34503
-24.3187 6.35082
-24.3627 6.35675
-24.4036 6.36608
-24.4417 6.38069
-24.4855 6.38996
-24.5256 6.39503
-24.5652 6.40284
-24.6075 6.41328
-24.6441 6.42086
-24.6836 6.42474
-24.7259 6.42988
-24.7633 6.43602
-24.8026 6.44088
-24.8439 6.44733
-24.8867 6.45773
-24.9272 6.46673
-24.9678 6.47713
-25.0082 6.48175
-25.0494 6.48803
-25.0899 6.49572
-25.1323 6.50143
-25.1734 6.50944
-25.2118 6.51794
-25.2514 6.52332
-25.2918 6.52699
-25.3311 6.53362
-25.3722 6.5413
-25.4155 6.54782
-25.4544 6.55251
-25.5004 6.55933
-25.5394 6.56571
-25.5797 6.5737
-25.6248 6.58172
-25.6652 6.58776
-25.7087 6.5928
-25.7522 6.60463
-25.7967 6.61121
-25.8434 6.61867
-25.885 6.62666
-25.93 6.63006
-25.9768 6.63472
-26.0204 6.63862
-26.0668 6.64738
-26.1096 6.6517
-26.1544 6.65979
-26.1999 6.668
-26.2451 6.67416
-26.2911 6.68673
-26.3346 6.69551
-26.381 6.70185
-26.4274 6.71043
-26.4733 6.71896
-26.5201 6.73287
-26.5648 6.73722
-26.6081 6.73892
-26.6511 6.74344
-26.6958 6.74718
-26.7399 6.75602
-26.7911 6.7688
-26.8347 6.77812
-26.8859 6.78405
-26.9365 6.78911
-26.9849 6.79824
-27.0324 6.80908
-27.0836 6.81527
-27.1317 6.82245
-27.1805 6.83396
-27.2288 6.83857
-27.2769 6.84623
-27.3262 6.85225
-27.3749 6.85822
-27.4253 6.86173
-27.4738 6.86516
-27.5248 6.87222
-27.5691 6.87884
-27.6192 6.89155
-27.6687 6.89964
-27.7197 6.90514
-27.7738 6.90891
-27.824 6.91898
-27.875 6.9291
-27.9242 6.93319
-27.977 6.93574
-28.026 6.94469
-28.0789 6.95856
-28.1311 6.96787
-28.1832 6.97343
-28.2384 6.98134
-28.2874 6.98963
-28.3403 6.99752
-28.3895 7.00843
-28.4384 7.0109
-28.4885 7.01244
-28.5384 7.01947
-28.5869 7.0285
-28.6319 7.0335
-28.6824 7.04095
-28.7331 7.05764
-28.7832 7.06505
-28.8291 7.07351
-28.8754 7.0807
-28.9217 7.08558
-28.9677 7.09379
-29.0139 7.10294
-29.0611 7.10886
-29.1077 7.11381
-29.1518 7.11847
-29.197 7.12472
-29.2428 7.1313
-29.2835 7.13793
-29.3247 7.14301
-29.3699 7.15364
-29.4088 7.16058
-29.4479 7.16516
-29.4957 7.17371
-29.5367 7.17916
-29.5789 7.18929
-29.6196 7.19691
-29.6613 7.1974
-29.7054 7.2006
-29.7436 7.20304
-29.7791 7.2035
-29.8174 7.20559
-29.8575 7.21069
-29.896 7.21528
-29.9351 7.21989
-29.9715 7.22188
-30.0081 7.22603
-30.0466 7.23251
-30.0846 7.24332
-30.1241 7.24765
-30.1613 7.25106
-30.1999 7.2565
-30.238 7.26217
-30.2784 7.26745
-30.3162 7.26987
-30.352 7.27198
-30.3899 7.27939
-30.4291 7.28588
-30.4667 7.29431
-30.5051 7.29762
-30.5448 7.30211
-30.5837 7.30934
-30.6229 7.31823
-30.6609 7.32445
-30.6981 7.33014
-30.7346 7.33693
-30.7698 7.33999
-30.8053 7.34676
-30.8435 7.3544
-30.8801 7.36195
-30.9156 7.36726
-30.9527 7.36921
-30.9897 7.3749
-31.0237 7.38422
-31.0589 7.3899
-31.0964 7.39324
-31.1309 7.39602
-31.1677 7.403
-31.2048 7.40512
-31.2378 7.40862
-31.2736 7.41135
-31.3096 7.41483
-31.3451 7.41907
-31.3835 7.42028
-31.4215 7.4259
-31.4594 7.43063
-31.495 7.43104
-31.5317 7.43616
-31.568 7.4398
-31.5984 7.44427
-31.633 7.44857
-31.6722 7.45233
-31.7083 7.45541
-31.7418 7.46198
-31.7812 7.46881
-31.8144 7.47282
-31.85 7.47542
-31.8872 7.47955
-31.9241 7.48558
-31.9633 7.49392
-32.0011 7.49871
-32.0372 7.50106
-32.0752 7.50525
-32.1133 7.51029
-32.1505 7.51458
-32.1865 7.52077
-32.2256 7.52921
-32.266 7.53336
-32.3048 7.53761
-32.3448 7.53971
-32.3822 7.54568
-32.4203 7.55575
-32.465 7.56548
-32.5042 7.57532
-32.5451 7.58321
-32.5906 7.58721
-32.634 7.59374
-32.6759 7.60227
-32.7211 7.61093
-32.7665 7.61681
-32.8096 7.62129
-32.85 7.63115
-32.8923 7.64156
-32.9386 7.64708
-32.9825 7.6534
-33.0326 7.66255
-33.0805 7.67229
-33.1214 7.67646
-33.1671 7.68217
-33.2137 7.68601
-33.2573 7.69152
-33.3059 7.69977
-33.3558 7.70677
-33.4044 7.71717
-33.4514 7.72302
-33.4987 7.72642
-33.548 7.73203
-33.5968 7.74344
-33.6458 7.7522
-33.6975 7.7572
-33.7498 7.76814
-33.801 7.77489
-33.8516 7.78185
-33.9035 7.7882
-33.9525 7.79861
-34.0045 7.80809
-34.0567 7.81465
-34.1103 7.82032
-34.1627 7.83434
-34.2124 7.84519
-34.2661 7.85388
-34.3181 7.86673
-34.3702 7.87984
-34.4243 7.89358
-34.4766 7.90411
-34.5307 7.91331
-34.5834 7.91834
-34.6363 7.92886
-34.6888 7.94522
-34.7461 7.957
-34.801 7.96622
-34.8557 7.9763
-34.9091 7.98706
-34.961 7.99867
-35.0132 8.00607
-35.0701 8.0155
-35.1241 8.02161
-35.175 8.02665
-35.2286 8.0358
-35.2786 8.03895
-35.3289 8.04397
-35.3802 8.05121
-35.4316 8.05864
-35.4861 8.06485
-35.5352 8.07537
-35.5864 8.08546
-35.6347 8.09562
-35.6875 8.10695
-35.7392 8.12094
-35.792 8.1341
-35.842 8.14584
-35.8939 8.15708
-35.9468 8.16732
-35.9987 8.17953
-36.0525 8.18932
-36.1002 8.20156
-36.1473 8.21542
-36.1996 8.22671
-36.2529 8.23325
-36.3026 8.24525
-36.3505 8.25278
-36.4006 8.2634
-36.4484 8.27365
-36.5047 8.2864
-36.5503 8.30301
-36.6003 8.32295
-36.6521 8.33476
-36.6982 8.34496
-36.7483 8.35547
-36.7988 8.36303
-36.8463 8.37134
-36.8946 8.37548
-36.9414 8.38073
-36.9912 8.38713
-37.0393 8.3886
-37.0893 8.39241
-37.1393 8.39864
-37.1919 8.40578
-37.2387 8.41554
-37.2847 8.42172
-37.3307 8.43229
-37.3764 8.44151
-37.418 8.45331
-37.4592 8.46435
-37.5028 8.47279
-37.5505 8.4824
-37.5966 8.49231
-37.6401 8.50479
-37.6815 8.51335
-37.7229 8.52345
-37.7657 8.52862
-37.8092 8.53409
-37.8513 8.54221
-37.8928 8.55284
-37.9338 8.5615
-37.9777 8.56993
-38.0222 8.57367
-38.0645 8.57975
-38.1056 8.58781
-38.1483 8.59543
-38.1922 8.60502
-38.2337 8.61695
-38.2749 8.62995
-38.3168 8.64021
-38.357 8.64688
-38.3975 8.65763
-38.4404 8.66635
-38.4803 8.66978
-38.5232 8.67519
-38.5648 8.68293
-38.6007 8.69455
-38.6419 8.70769
-38.6811 8.71575
-38.7173 8.72261
-38.7566 8.72758
-38.7957 8.73521
-38.8336 8.74508
-38.8726 8.75389
-38.9102 8.76534
-38.9451 8.7778
-38.9821 8.79018
-39.0211 8.80124
-39.0611 8.81053
-39.1004 8.81719
-39.1404 8.82698
-39.1802 8.83638
-39.2184 8.84026
-39.2565 8.84497
-39.2946 8.8533
-39.3299 8.85583
-39.3673 8.86575
-39.4009 8.87556
-39.4337 8.87676
-39.4712 8.88407
-39.509 8.89698
-39.5427 8.90293
-39.5801 8.90867
-39.6185 8.91831
-39.6526 8.92567
-39.6852 8.93654
-39.7204 8.94106
-39.7539 8.94062
-39.7866 8.94519
-39.8225 8.95164
-39.8571 8.95994
-39.8899 8.96969
-39.9248 8.97506
-39.9595 8.98058
-39.9941 8.9895
-40.0284 9.00024
-40.063 9.00765
-40.095 9.01352
-40.1259 9.02026
-40.1584 9.02939
-40.195 9.03858
-40.2295 9.04867
-40.2616 9.05283
-40.2984 9.05957
-40.3358 9.06755
-40.3697 9.07152
-40.4036 9.07932
-40.4385 9.08608
-40.4739 9.09176
-40.5081 9.09906
-40.5389 9.10693
-40.5725 9.11038
-40.6061 9.11305
-40.6403 9.12125
-40.6732 9.13009
-40.7056 9.14129
-40.7379 9.14688
-40.7713 9.1568
-40.8034 9.16279
-40.8338 9.16849
-40.8662 9.1745
-40.8982 9.18132
-40.931 9.18481
-40.9634 9.19376
-40.9964 9.20361
-41.0267 9.21104
-41.0596 9.21778
-41.0937 9.22803
-41.1244 9.23716
-41.1522 9.24238
-41.1836 9.25027
-41.2185 9.26181
-41.2502 9.26902
-41.2826 9.27198
-41.3194 9.28011
-41.3542 9.28641
-41.3872 9.28997
-41.423 9.29244
-41.4592 9.30264
-41.493 9.30891
-41.53 9.31398
-41.5685 9.32246
-41.608 9.33663
-41.6466 9.34803
-41.683 9.35417
-41.7208 9.36074
-41.7615 9.36949
-41.8055 9.38198
-41.8475 9.38853
-41.8903 9.39866
-41.9332 9.41383
-41.9734 9.42015
-42.019 9.42977
-42.0634 9.43639
-42.1044 9.44264
-42.1479 9.44989
-42.1915 9.4544
-42.2374 9.4653
-42.2839 9.47359
-42.3273 9.48021
-42.3744 9.49277
-42.4233 9.50511
-42.4741 9.5164
-42.5201 9.52353
-42.5701 9.53095
-42.6196 9.54394
-42.6666 9.5586
-42.7207 9.5726
-42.7694 9.5819
-42.8222 9.59568
-42.8695 9.60476
-42.9209 9.6175
-42.9719 9.62706
-43.0271 9.64165
-43.0772 9.65021
-43.1297 9.66102
-43.183 9.67105
-43.236 9.68061
-43.2938 9.69104
-43.3497 9.69988
-43.4071 9.7148
-43.4544 9.72764
-43.5132 9.74382
-43.5718 9.75406
-43.6273 9.77098
-43.6823 9.78829
-43.7429 9.80597
-43.8001 9.81817
-43.8579 9.83247
-43.9167 9.8439
-43.9795 9.85866
-44.0401 9.87256
-44.0983 9.88254
-44.1568 9.8923
-44.2174 9.90486
-44.2794 9.91508
-44.3413 9.92705
-44.4023 9.93963
-44.4615 9.95475
-44.5225 9.97392
-44.5832 9.98765
-44.6482 10.0041
-44.7141 10.0191
-44.7786 10.0352
-44.8421 10.0451
-44.904 10.06
-44.9675 10.0793
-45.0343 10.0899
-45.0969 10.1036
-45.1643 10.1171
-45.2274 10.1253
-45.2969 10.1375
-45.3595 10.1484
-45.4264 10.1655
-45.4969 10.1772
-45.5646 10.1936
-45.632 10.2135
-45.7004 10.2254
-45.7649 10.2404
-45.8332 10.257
-45.9012 10.2745
-45.968 10.287
-46.0378 10.2965
-46.1037 10.3076
-46.1724 10.3209
-46.2409 10.3352
-46.3082 10.3526
-46.3732 10.3664
-46.4392 10.379
-46.5022 10.3941
-46.5722 10.4134
-46.6386 10.4308
-46.7067 10.4486
-46.7763 10.4648
-46.8433 10.4856
-46.9133 10.497
-46.9823 10.5079
-47.0522 10.52
-47.1244 10.5308
-47.1952 10.5419
-47.2628 10.5584
-47.3311 10.5789
-47.3992 10.5943
-47.4715 10.6093
-47.5405 10.6304
-47.6128 10.6487
-47.6809 10.6605
-47.7503 10.6688
-47.8221 10.6899
-47.8927 10.7109
-47.9677 10.7254
-48.0382 10.7396
-48.1098 10.7526
-48.18 10.7693
-48.2503 10.7898
-48.3209 10.807
-48.3911 10.8231
-48.4609 10.8489
-48.5275 10.8658
-48.5947 10.8803
-48.6636 10.8952
-48.7305 10.9081
-48.7989 10.9304
-48.8706 10.9462
-48.9405 10.9555
-49.0129 10.9747
-49.0782 10.9968
-49.1461 11.0172
-49.2157 11.0364
-49.2804 11.049
-49.351 11.0602
-49.4242 11.0819
-49.4934 11.1019
-49.5609 11.1221
-49.6256 11.137
-49.6906 11.1536
-49.755 11.1802
-49.8231 11.1958
-49.8944 11.2105
-49.9633 11.2234
-50.032 11.235
-50.1036 11.2537
-50.1725 11.2721
-50.2438 11.2858
-50.314 11.3022
-50.3846 11.3199
-50.4542 11.3351
-50.5243 11.3556
-50.5892 11.3708
-50.6543 11.3907
-50.7228 11.4118
-50.7916 11.4276
-50.8598 11.4444
-50.9268 11.4632
-50.9905 11.4794
-51.0554 11.4944
-51.1203 11.5105
-51.1872 11.5217
-51.255 11.5415
-51.3252 11.5558
-51.393 11.5721
-51.4578 11.5849
-51.5242 11.6031
-51.5909 11.6188
-51.6591 11.6275
-51.7316 11.6501
-51.7976 11.667
-51.8695 11.6795
-51.9357 11.7001
-52.0014 11.7138
-52.071 11.7263
-52.1374 11.7394
-52.2088 11.7604
-52.2814 11.7774
-52.3522 11.7938
-52.4189 11.8157
-52.4882 11.842
-52.553 11.8591
-52.6234 11.8784
-52.6927 11.9034
-52.7603 11.923
-52.8314 11.9399
-52.9043 11.9628
-52.9717 11.9762
-53.0429 11.9889
-53.1134 12.0091
-53.1839 12.0276
-53.2493 12.0386
-53.3188 12.0527
-53.3904 12.071
-53.4593 12.0911
-53.5277 12.1152
-53.5957 12.1327
-53.6665 12.1494
-53.7361 12.1697
-53.807 12.1849
-53.8807 12.1981
-53.9531 12.2173
-54.0278 12.2249
-54.101 12.2429
-54.1736 12.2606
-54.2444 12.2841
-54.3148 12.3021
-54.3884 12.3213
-54.4628 12.3416
-54.5357 12.3638
-54.6078 12.3835
-54.6775 12.4019
-54.7475 12.4209
-54.8194 12.4429
-54.8922 12.4601
-54.967 12.4807
-55.0412 12.4984
-55.1177 12.5162
-55.1869 12.5403
-55.2582 12.5617
-55.3324 12.5785
-55.4094 12.5945
-55.4832 12.6162
-55.5564 12.6337
-55.6303 12.6507
-55.7011 12.6704
-55.7737 12.6886
-55.8468 12.7093
-55.922 12.725
-55.9992 12.7413
-56.0764 12.7622
-56.15 12.7884
-56.2244 12.8132
-56.3049 12.8239
-56.3813 12.8401
-56.4542 12.8611
-56.527 12.8823
-56.5997 12.8954
-56.6746 12.9139
-56.7454 12.9349
-56.8173 12.9651
-56.8891 12.9894
-56.9669 13.0112
-57.0416 13.0259
-57.1211 13.0422
-57.1962 13.0594
-57.2676 13.0815
-57.3367 13.1036
-57.4097 13.1256
-57.4859 13.1481
-57.5643 13.1692
-57.6419 13.1871
-57.7173 13.1965
-57.792 13.2116
-57.8616 13.2311
-57.9312 13.2478
-58.0034 13.2688
-58.0786 13.2846
-58.152 13.2986
-58.2225 13.3204
-58.2887 13.3405
-58.356 13.3594
-58.4242 13.3784
-58.4919 13.4005
-58.5605 13.4228
-58.6266 13.4487
-58.6915 13.4714
-58.7602 13.4865
-58.8306 13.4959
-58.9054 13.5044
-58.9793 13.5214
-59.0555 13.541
-59.1247 13.5549
-59.1975 13.5697
-59.2685 13.5866
-59.3355 13.5981
-59.4035 13.6086
-59.4739 13.6298
-59.5387 13.648
-59.6085 13.6685
-59.6788 13.6823
-59.7493 13.6971
-59.8223 13.7177
-59.8902 13.7324
-59.9597 13.7551
-60.0295 13.787
-60.0961 13.8102
-60.1652 13.8276
-60.2358 13.8517
-60.3 13.8723
-60.3666 13.8847
-60.4311 13.9029
-60.4953 13.9225
-60.562 13.9327
-60.6276 13.9396
-60.6944 13.9431
-60.7601 13.961
-60.8287 13.9754
-60.8925 13.9867
-60.9578 14.0015
-61.0239 14.0185
-61.0879 14.0309
-61.1568 14.0547
-61.2165 14.0734
-61.2755 14.0887
-61.3322 14.1101
-61.3963 14.1334
-61.4596 14.1547
-61.5196 14.1725
-61.5847 14.1863
-61.6506 14.1953
-61.7135 14.2096
-61.7811 14.2336
-61.8475 14.2486
-61.9144 14.2605
-61.9759 14.2727
-62.0431 14.2892
-62.1089 14.3033
-62.1774 14.3203
-62.2387 14.3386
-62.2952 14.3612
-62.3576 14.385
-62.4193 14.3986
-62.486 14.413
-62.5483 14.4252
-62.6168 14.4467
-62.6836 14.4547
-62.7494 14.4692
-62.8146 14.4829
-62.8801 14.4971
-62.9444 14.5153
-63.0091 14.5343
-63.0764 14.5536
-63.1402 14.5712
-63.2022 14.5942
-63.2665 14.6075
-63.3319 14.6257
-63.3974 14.6399
-63.4603 14.6509
-63.5237 14.6695
-63.5918 14.682
-63.66 14.6964
-63.7235 14.71
-63.7922 14.7257
-63.8598 14.7413
-63.9286 14.7601
-63.9961 14.7782
-64.0646 14.801
-64.1271 14.8184
-64.1955 14.8373
-64.261 14.8579
-64.3249 14.8709
-64.4011 14.8788
-64.4682 14.8898
-64.5345 14.9087
-64.603 14.9227
-64.6747 14.9327
-64.7369 14.9421
-64.8077 14.9577
-64.8656 14.9722
-64.9353 14.9903
-65.0103 15.0014
-65.072 15.0187
-65.1392 15.0448
-65.2081 15.0623
-65.2731 15.0765
-65.3419 15.0924
-65.4126 15.1166
-65.4831 15.1309
-65.5528 15.1466
-65.6177 15.1618
-65.686 15.1792
-65.7513 15.1998
-65.8218 15.2132
-65.8942 15.2333
-65.9669 15.2433
-66.0372 15.2533
-66.1073 15.2717
-66.1742 15.2922
-66.239 15.3076
-66.3035 15.3108
-66.3761 15.3181
-66.4508 15.337
-66.518 15.355
-66.5882 15.3669
-66.6562 15.3802
-66.7219 15.396
-66.7919 15.4193
-66.8635 15.4503
-66.9366 15.4573
-67.0048 15.4769
-67.076 15.5058
-67.1444 15.5228
-67.2186 15.5473
-67.2936 15.5585
-67.3655 15.5718
-67.4353 15.5888
-67.5009 15.6037
-67.5715 15.6199
-67.6419 15.6311
-67.7084 15.648
-67.778 15.6726
-67.8457 15.6796
-67.921 15.6938
-67.9886 15.7207
-68.0572 15.7311
-68.1287 15.7545
-68.1962 15.7736
-68.2679 15.7901
-68.3364 15.808
-68.3989 15.8301
-68.4656 15.8553
-68.5307 15.8728
-68.6033 15.8877
-68.6707 15.91
-68.7537 15.9066
-68.8165 15.9188
-68.8882 15.9301
-68.9596 15.9537
-69.0301 15.9774
-69.102 15.9858
-69.1725 16.0006
-69.2424 16.0207
-69.3137 16.0256
-69.3789 16.0383
-69.4497 16.0528
-69.5163 16.0742
-69.5793 16.0975
-69.6564 16.1125
-69.729 16.1297
-69.7895 16.1452
-69.8629 16.1711
-69.9265 16.1951
-69.9985 16.2088
-70.0676 16.2126
-70.1265 16.2323
-70.2007 16.2543
-70.2707 16.2746
-70.3368 16.3
-70.4058 16.3188
-70.4732 16.3266
-70.5411 16.3474
-70.6078 16.3716
-70.6723 16.3902
-70.7367 16.4068
-70.8051 16.429
-70.8759 16.4419
-70.942 16.4541
-71.0093 16.4738
-71.0779 16.4921
-71.1443 16.5109
-71.206 16.5261
-71.2685 16.545
-71.3363 16.5683
-71.4043 16.5679
-71.4678 16.5816
-71.533 16.5985
-71.5986 16.6165
-71.6574 16.6371
-71.7218 16.6547
-71.786 16.6654
-71.8459 16.6734
-71.9154 16.6823
-71.9798 16.6945
-72.0436 16.7094
-72.1112 16.7278
-72.1739 16.7414
-72.2353 16.7562
-72.3017 16.7659
-72.3665 16.7835
-72.4266 16.8039
-72.4878 16.8177
-72.5482 16.8195
-72.6125 16.8349
-72.677 16.8552
-72.7394 16.8725
-72.8016 16.8905
-72.8645 16.9116
-72.9272 16.9248
-72.9904 16.9388
-73.05 16.956
-73.1127 16.9704
-73.1795 16.975
-73.2459 16.9862
-73.3073 17.0095
-73.3681 17.0269
-73.4369 17.0379
-73.4965 17.0518
-73.5588 17.0568
-73.6204 17.0769
-73.6838 17.0963
-73.7425 17.1064
-73.8061 17.1177
-73.8807 17.1222
-73.9457 17.1296
-74.0019 17.1405
-74.0555 17.1549
-74.1132 17.1707
-74.1787 17.1776
-74.2446 17.1759
-74.3015 17.1876
-74.3615 17.2076
-74.4162 17.2277
-74.4831 17.2258
-74.54 17.2431
-74.5959 17.2661
-74.6462 17.2826
-74.7044 17.2919
-74.7628 17.3073
-74.8197 17.3225
-74.8718 17.3325
-74.9237 17.3465
-74.9876 17.3634
-75.052 17.3737
-75.1015 17.3908
-75.1562 17.4043
-75.2122 17.4114
-75.2736 17.4237
-75.3263 17.4389
-75.3833 17.4517
-75.432 17.467
-75.4921 17.4776
-75.5441 17.481
-75.5941 17.4922
-75.651 17.5081
-75.7089 17.5254
-75.7585 17.5432
-75.8021 17.5535
-75.8591 17.5654
-75.9122 17.5807
-75.9639 17.5858
-76.0177 17.5971
-76.0672 17.6087
-76.1189 17.6135
-76.1655 17.6213
-76.2086 17.6248
-76.2598 17.6313
-76.3127 17.6408
-76.3597 17.6539
-76.4045 17.6651
-76.4573 17.6685
-76.5049 17.6755
-76.5496 17.6947
-76.5974 17.7061
-76.645 17.7116
-76.6926 17.724
-76.7438 17.7418
-76.7927 17.7623
-76.8384 17.7731
-76.8846 17.7851
-76.9305 17.794
-76.9796 17.8061
-77.0268 17.8118
-77.0765 17.8202
-77.1253 17.8483
-77.1686 17.8648
-77.211 17.8787
-77.2644 17.8896
-77.3196 17.8985
-77.3711 17.9147
-77.421 17.9323
-77.4726 17.9414
-77.5251 17.9558
-77.5734 17.9753
-77.6291 17.9835
-77.6778 17.9898
-77.729 18.0008
-77.7917 18.0207
-77.845 18.0384
-77.8947 18.0565
-77.9494 18.0643
-78.0076 18.0676
-78.0639 18.085
-78.1178 18.1019
-78.1713 18.1172
-78.2229 18.1237
-78.2807 18.1428
-78.3373 18.1605
-78.3968 18.1717
-78.4496 18.1919
-78.5073 18.2049
-78.5655 18.22
-78.6201 18.233
-78.6818 18.249
-78.7478 18.2737
-78.8063 18.2845
-78.8617 18.2973
-78.9285 18.305
-78.986 18.325
-79.0425 18.3491
-79.111 18.3649
-79.166 18.3796
-79.2259 18.3937
-79.2892 18.3984
-79.3565 18.413
-79.417 18.4328
-79.4751 18.4542
-79.5357 18.4838
-79.6013 18.4971
-79.6599 18.5116
-79.7193 18.5307
-79.787 18.5485
-79.8534 18.5608
-79.913 18.5807
-79.9735 18.6004
-80.0344 18.6142
-80.099 18.62
-80.1576 18.6302
-80.217 18.6456
-80.2689 18.6664
-80.3255 18.6826
-80.3849 18.7088
-80.4448 18.7306
-80.5052 18.754
-80.5884 18.7712
-80.6483 18.7835
-80.7124 18.7949
-80.7703 18.8126
-80.8297 18.8242
-80.8873 18.8335
-80.9441 18.85
-80.9982 18.8683
-81.0535 18.8829
-81.1108 18.8977
-81.1645 18.9173
-81.2251 18.9306
-81.285 18.9514
-81.3383 18.9688
-81.3973 18.9824
-81.4583 19.0053
-81.5114 19.0333
-81.5596 19.0533
-81.6199 19.0667
-81.675 19.0809
-81.7222 19.0999
-81.7908 19.105
-81.8595 19.1055
-81.9177 19.1166
-81.978 19.1355
-82.0301 19.158
-82.0876 19.175
-82.148 19.1899
-82.2025 19.2105
-82.2564 19.2252
-82.3156 19.2351
-82.3689 19.25
-82.4165 19.2671
-82.4794 19.28
-82.5258 19.2969
-82.5783 19.3121
-82.6303 19.3313
-82.6821 19.352
-82.7407 19.3648
-82.7955 19.3744
-82.8454 19.3893
-82.9069 19.4047
-82.9592 19.412
-83.0121 19.4227
-83.0667 19.4402
-83.1151 19.4583
-83.1709 19.4697
-83.2208 19.4858
-83.2697 19.4943
-83.3229 19.5035
-83.3797 19.5136
-83.4328 19.526
-83.4815 19.5383
-83.5366 19.5559
-83.586 19.577
-83.6355 19.5975
-83.6846 19.6132
-83.746 19.6172
-83.793 19.6224
-83.8544 19.6383
-83.909 19.6596
-83.9591 19.6791
-84.0154 19.6893
-84.0614 19.7082
-84.1067 19.7296
-84.1615 19.751
-84.2136 19.7653
-84.2604 19.7834
-84.3135 19.7998
-84.3591 19.817
-84.4099 19.8337
-84.459 19.8425
-84.5102 19.8601
-84.5585 19.8766
-84.607 19.8927
-84.6617 19.9079
-84.7091 19.9211
-84.7563 19.9376
-84.8093 19.9492
-84.8573 19.9607
-84.9008 19.9627
-84.9546 19.9706
-84.9991 19.9958
-85.0479 20.0169
-85.1029 20.0313
-85.1563 20.0466
-85.2106 20.0665
-85.2584 20.0874
-85.3061 20.1017
-85.3552 20.1217
-85.4071 20.1469
-85.4524 20.1619
-85.4995 20.1659
-85.5495 20.1765
-85.6007 20.1971
-85.6546 20.2242
-85.7003 20.2397
-85.748 20.254
-85.7982 20.2728
-85.8451 20.2983
-85.8884 20.3224
-85.9349 20.3392
-85.9907 20.3534
-86.0381 20.3778
-86.0895 20.3968
-86.1405 20.4098
-86.1824 20.4188
-86.2329 20.43
-86.2844 20.4443
-86.3385 20.4504
-86.3848 20.463
-86.4372 20.4775
-86.4933 20.4866
-86.538 20.4958
-86.5855 20.5069
-86.6344 20.5259
-86.6763 20.5388
-86.7227 20.5464
-86.7686 20.5596
-86.8126 20.5745
-86.868 20.589
-86.9133 20.6003
-86.9595 20.5963
-87.009 20.6128
-87.0547 20.6323
-87.1009 20.6506
-87.149 20.6634
-87.194 20.6719
-87.2427 20.6856
-87.2944 20.6934
-87.3402 20.7114
-87.3854 20.7372
-87.4281 20.7457
-87.4689 20.7486
-87.5188 20.7526
-87.5663 20.7738
-87.6094 20.7939
-87.6575 20.8136
-87.7057 20.8191
-87.7536 20.8326
-87.7949 20.8485
-87.8352 20.8632
-87.8735 20.8973
-87.9174 20.9156
-87.9707 20.9419
-88.0227 20.9555
-88.0664 20.9677
-88.1013 20.9926
-88.1404 21.0157
-88.1857 21.0373
-88.2347 21.0534
-88.2889 21.0618
-88.3311 21.0696
-88.3756 21.0855
-88.4246 21.1091
-88.4755 21.1264
-88.5218 21.1352
-88.5599 21.1383
-88.6031 21.1503
-88.6512 21.1614
-88.7041 21.1707
-88.7519 21.1807
-88.7935 21.1928
-88.838 21.2066
-88.8793 21.2263
-88.9191 21.24
-88.9651 21.2533
-89.0149 21.2865
-89.0515 21.3086
-89.0848 21.3143
-89.1171 21.3254
-89.1531 21.3345
-89.1954 21.3466
-89.238 21.363
-89.2766 21.3701
-89.3139 21.3792
-89.3523 21.3884
-89.3902 21.4004
-89.4251 21.4188
-89.4661 21.4341
-89.5033 21.4447
-89.5393 21.4623
-89.5728 21.4759
-89.6049 21.4875
-89.6335 21.505
-89.6639 21.5239
-89.7002 21.5406
-89.7352 21.5536
-89.7697 21.5624
-89.8095 21.5752
-89.8378 21.5945
-89.8638 21.6068
-89.897 21.609
-89.9343 21.6157
-89.9671 21.6308
-89.9976 21.6482
-90.028 21.6588
-90.0551 21.6635
-90.0811 21.6679
-90.1176 21.6778
-90.1505 21.6888
-90.1765 21.6975
-90.2006 21.7049
-90.2283 21.7145
-90.2619 21.7236
-90.2924 21.733
-90.3173 21.742
-90.3438 21.7526
-90.373 21.763
-90.3993 21.7703
-90.4237 21.7747
-90.4481 21.7804
-90.4738 21.7891
-90.5013 21.797
-90.5289 21.8072
-90.5559 21.8168
-90.5801 21.8258
-90.6023 21.8368
-90.6279 21.8512
-90.6553 21.8654
-90.6846 21.8825
-90.7133 21.9021
-90.7388 21.9178
-90.7623 21.9301
-90.7868 21.939
-90.8141 21.944
-90.8425 21.9485
-90.8686 21.9562
-90.8909 21.9599
-90.9119 21.9615
-90.9333 21.9621
-90.9574 21.9649
-90.9806 21.9676
-91.0028 21.9672
-91.0229 21.9674
-91.0423 21.972
-91.0611 21.9756
-91.0822 21.9821
-91.102 21.9895
-91.1232 21.9995
-91.1426 22.0111
-91.1639 22.0187
-91.1851 22.0254
-91.2047 22.0311
-91.224 22.0347
-91.2442 22.0405
-91.2665 22.047
-91.2895 22.0543
-91.3114 22.0618
-91.335 22.0692
-91.3558 22.0763
-91.374 22.0823
-91.3921 22.0873
-91.4134 22.0962
-91.435 22.1052
-91.4562 22.1153
-91.4801 22.1263
-91.5041 22.1324
-91.5275 22.1364
-91.5493 22.1454
-91.5703 22.1525
-91.5992 22.1753
-91.6274 22.1869
-91.6566 22.1984
-91.6818 22.2083
-91.7064 22.2164
-91.7337 22.2277
-91.7638 22.2356
-91.7915 22.2434
-91.8199 22.2535
-91.8518 22.2602
-91.882 22.2681
-91.9103 22.277
-91.9347 22.2877
-91.9624 22.3012
-91.9965 22.3157
-92.0313 22.3291
-92.061 22.3369
-92.0871 22.3428
-92.1187 22.3543
-92.156 22.3634
-92.1847 22.3721
-92.2141 22.3853
-92.2447 22.4033
-92.2729 22.4248
-92.3007 22.4454
-92.3332 22.4628
-92.3606 22.4751
-92.3937 22.4916
-92.4328 22.5135
-92.4697 22.5305
-92.5031 22.5458
-92.545 22.5666
-92.5855 22.573
-92.6316 22.5794
-92.6739 22.5957
-92.7115 22.613
-92.7526 22.6229
-92.7966 22.6354
-92.8413 22.6481
-92.8762 22.6616
-92.9198 22.6685
-92.9677 22.6856
-93.0175 22.7029
-93.0588 22.7231
-93.1057 22.7393
-93.1563 22.7413
-93.2002 22.7569
-93.2472 22.7812
-93.2941 22.8079
-93.3471 22.8226
-93.3926 22.8434
-93.4427 22.8615
-93.5011 22.8708
-93.5503 22.8946
-93.6031 22.9162
-93.657 22.9296
-93.7089 22.9523
-93.7607 22.9705
-93.812 22.984
-93.8635 23.0237
-93.9139 23.0402
-93.9681 23.0497
-94.0167 23.0757
-94.0708 23.0992
-94.1218 23.1067
-94.1707 23.1249
-94.2186 23.1424
-94.2691 23.1527
-94.3169 23.1677
-94.3645 23.1761
-94.422 23.1809
-94.4793 23.2018
-94.5316 23.2091
-94.5828 23.2187
-94.6371 23.2299
-94.6906 23.2569
-94.746 23.271
-94.8037 23.2899
-94.8553 23.3161
-94.9099 23.3239
-94.9604 23.357
-95.0169 23.39
-95.0763 23.4066
-95.1277 23.4271
-95.1834 23.457
-95.2438 23.4744
-95.2946 23.5041
-95.3601 23.5341
-95.4153 23.5519
-95.4725 23.5739
-95.5345 23.5933
-95.5962 23.624
-95.6557 23.6445
-95.7124 23.6643
-95.7702 23.6804
-95.836 23.7054
-95.8983 23.7321
-95.9587 23.7487
-96.0164 23.7629
-96.0808 23.7859
-96.1448 23.8191
-96.2058 23.8505
-96.2757 23.8731
-96.3374 23.896
-96.3982 23.9168
-96.4677 23.9543
-96.5341 23.9882
-96.5998 24.0109
-96.6645 24.029
-96.7275 24.0544
-96.7969 24.0838
-96.8591 24.1134
-96.9316 24.1477
-96.9931 24.1667
-97.0646 24.2013
-97.1373 24.2381
-97.2059 24.2658
-97.2735 24.2933
-97.3428 24.3221
-97.4066 24.3599
-97.4747 24.3926
-97.5467 24.4262
-97.6175 24.457
-97.6863 24.499
-97.7542 24.5211
-97.8299 24.5544
-97.9014 24.5838
-97.9706 24.6157
-98.048 24.6486
-98.1221 24.6785
-98.1928 24.7204
-98.2635 24.7593
-98.3358 24.7848
-98.4013 24.8316
-98.471 24.8649
-98.5449 24.8998
-98.6163 24.9424
-98.6882 24.9866
-98.7593 25.0165
-98.8283 25.0467
-98.9004 25.083
-98.9762 25.1204
-99.0515 25.1574
-99.1202 25.189
-99.1878 25.2136
-99.2616 25.2462
-99.3371 25.2834
-99.4063 25.324
-99.4811 25.379
-99.5533 25.4115
-99.6266 25.4586
-99.6939 25.4843
-99.7682 25.5207
-99.841 25.5537
-99.9035 25.592
-99.9826 25.6253
-100.053 25.66
-100.13 25.6869
-100.205 25.7223
-100.273 25.7559
-100.348 25.7922
-100.415 25.8227
-100.495 25.8608
-100.568 25.9003
-100.649 25.9316
-100.719 25.9769
-100.791 26.0124
-100.865 26.0364
-100.932 26.0698
-101.004 26.1095
-101.084 26.1443
-101.158 26.1771
-101.227 26.2167
-101.304 26.2516
-101.376 26.296
-101.446 26.334
-101.513 26.3765
-101.59 26.3998
-101.666 26.4411
-101.724 26.4765
-101.798 26.5139
-101.868 26.5603
-101.939 26.5947
-102.008 26.6369
-102.083 26.6744
-102.148 26.7136
-102.218 26.7497
-102.292 26.7881
-102.355 26.8293
-102.423 26.8674
-102.491 26.9036
-102.561 26.9516
-102.632 26.9905
-102.701 27.0284
-102.774 27.0599
-102.852 27.1045
-102.916 27.1524
-102.986 27.1877
-103.059 27.223
-103.129 27.2517
-103.2 27.2895
-103.273 27.3315
-103.337 27.3726
-103.404 27.4172
-103.471 27.4558
-103.535 27.4936
-103.609 27.5353
-103.678 27.578
-103.746 27.6218
-103.813 27.6643
-103.885 27.7038
-103.946 27.7409
-104.01 27.7801
-104.071 27.8202
-104.144 27.8604
-104.21 27.9006
-104.281 27.9423
-104.35 27.9906
-104.425 28.0007
-104.491 28.0333
-104.565 28.0727
-104.636 28.1008
-104.701 28.1463
-104.774 28.1806
-104.844 28.213
-104.902 28.2516
-104.976 28.28
-105.039 28.3196
-105.105 28.3557
-105.175 28.3929
-105.248 28.4372
-105.317 28.4716
-105.377 28.5092
-105.457 28.5441
-105.519 28.5782
-105.592 28.6164
-105.646 28.6504
-105.708 28.6849
-105.784 28.7187
-105.85 28.7471
-105.915 28.7908
-105.983 28.858
-106.047 28.8945
-106.114 28.9321
-106.182 28.9721
-106.25 29.0058
-106.31 29.0473
-106.378 29.0859
-106.442 29.1161
-106.508 29.1469
-106.571 29.1867
-106.634 29.2236
-106.695 29.2617
-106.759 29.3035
-106.826 29.3423
-106.887 29.3861
-106.957 29.42
-107.03 29.4582
-107.1 29.4863
-107.171 29.5289
-107.241 29.5687
-107.304 29.5933
-107.369 29.6305
-107.436 29.6693
-107.501 29.7082
-107.563 29.749
-107.631 29.7844
-107.692 29.823
-107.75 29.8589
-107.814 29.887
-107.885 29.9176
-107.947 29.959
-108.012 30.0023
-108.067 30.0455
-108.132 30.0737
-108.194 30.1125
-108.253 30.1519
-108.313 30.1891
-108.378 30.2255
-108.449 30.2483
-108.506 30.2852
-108.566 30.3184
-108.631 30.3537
-108.693 30.388
-108.754 30.4203
-108.816 30.4614
-108.875 30.5025
-108.939 30.5305
-109.006 30.5637
-109.069 30.6013
-109.13 30.6416
-109.192 30.6795
-109.25 30.7126
-109.32 30.7542
-109.377 30.7886
-109.442 30.8211
-109.508 30.8498
-109.569 30.8861
-109.634 30.9288
-109.693 30.9596
-109.758 30.9905
-109.824 31.0256
-109.888 31.0553
-109.952 31.0993
-110.013 31.1367
-110.07 31.1643
-110.132 31.2084
-110.198 31.2511
-110.263 31.2834
-110.322 31.3144
-110.387 31.3489
-110.447 31.3786
-110.503 31.418
-110.557 31.4567
-110.617 31.4837
-110.681 31.5227
-110.739 31.5579
-110.794 31.5931
-110.861 31.622
-110.925 31.6584
-110.984 31.6998
-111.045 31.7411
-111.115 31.7694
-111.184 31.8113
-111.242 31.8477
-111.301 31.8892
-111.364 31.921
-111.439 31.9543
-111.501 31.9926
-111.56 32.0262
-111.633 32.0642
-111.697 32.1002
-111.759 32.1393
-111.829 32.174
-111.896 32.2108
-111.958 32.2425
-112.018 32.2797
-112.089 32.3192
-112.156 32.3506
-112.22 32.3913
-112.283 32.4297
-112.354 32.4684
-112.42 32.5009
-112.492 32.5259
-112.561 32.5666
-112.624 32.6079
-112.689 32.6417
-112.753 32.6763
-112.812 32.7137
-112.881 32.7494
-112.949 32.788
-113.014 32.8319
-113.077 32.8624
-113.15 32.8956
-113.22 32.9314
-113.28 32.969
-113.35 33.0027
-113.418 33.039
-113.488 33.0875
-113.553 33.127
-113.621 33.1676
-113.691 33.2039
-113.756 33.2427
-113.824 33.2865
-113.892 33.3204
-113.953 33.3559
-114.016 33.395
-114.083 33.4266
-114.151 33.4605
-114.218 33.4936
-114.288 33.5354
-114.362 33.5718
-114.432 33.6065
-114.496 33.6328
-114.56 33.6702
-114.63 33.7159
-114.694 33.7519
-114.766 33.7762
-114.834 33.8066
-114.909 33.8531
-114.962 33.893
-115.023 33.9256
-115.091 33.9587
-115.154 33.9899
-115.22 34.0293
-115.281 34.0676
-115.347 34.1021
-115.41 34.1371
-115.473 34.1669
-115.543 34.205
-115.611 34.2377
-115.674 34.2726
-115.738 34.3031
-115.799 34.341
-115.866 34.3812
-115.928 34.4172
-115.993 34.4564
-116.058 34.4875
-116.13 34.5248
-116.19 34.556
-116.25 34.5886
-116.316 34.6245
-116.381 34.6518
-116.443 34.6726
-116.508 34.7035
-116.571 34.7338
-116.642 34.7651
-116.708 34.7917
-116.773 34.83
-116.828 34.8643
-116.901 34.8896
-116.954 34.9215
-117.018 34.9518
-117.075 34.9809
-117.14 35.0114
-117.199 35.041
-117.262 35.0705
-117.321 35.0911
-117.392 35.1148
-117.449 35.1474
-117.503 35.1959
-117.562 35.2192
-117.627 35.2505
-117.682 35.2832
-117.745 35.3115
-117.808 35.3437
-117.869 35.3723
-117.928 35.4017
-117.985 35.4296
-118.048 35.4629
-118.109 35.493
-118.168 35.5216
-118.227 35.5503
-118.288 35.5772
-118.351 35.6063
-118.406 35.6372
-118.473 35.6687
-118.531 35.6924
-118.594 35.7233
-118.657 35.7546
-118.718 35.7853
-118.779 35.8083
-118.838 35.8278
-118.897 35.8573
-118.959 35.8864
-119.022 35.9082
-119.084 35.9395
-119.142 35.9732
-119.201 36.0055
-119.26 36.0351
-119.321 36.0562
-119.384 36.0808
-119.446 36.1028
-119.505 36.1281
-119.566 36.1509
-119.624 36.1754
-119.684 36.2081
-119.742 36.232
-119.802 36.2546
-119.867 36.2818
-119.928 36.3054
-119.988 36.3415
-120.049 36.3742
-120.112 36.3984
-120.177 36.4207
-120.235 36.4511
-120.296 36.4797
-120.359 36.5003
-120.417 36.5234
-120.476 36.5619
-120.537 36.5941
-120.602 36.6181
-120.669 36.644
-120.733 36.6699
-120.792 36.6968
-120.851 36.7224
-120.911 36.7461
-120.971 36.7664
-121.038 36.7891
-121.104 36.8174
-121.161 36.8442
-121.221 36.8699
-121.279 36.8982
-121.342 36.9183
-121.406 36.9429
-121.468 36.9753
-121.525 37.0032
-121.589 37.033
-121.656 37.0616
-121.715 37.0845
-121.773 37.1084
-121.836 37.1267
-121.897 37.1486
-121.956 37.1826
-122.016 37.2137
-122.074 37.2342
-122.138 37.2624
-122.2 37.2838
-122.262 37.3115
-122.328 37.3522
-122.391 37.3832
-122.46 37.4131
-122.527 37.4392
-122.585 37.473
-122.653 37.5045
-122.719 37.5355
-122.787 37.5579
-122.851 37.5775
-122.917 37.6003
-122.98 37.6369
-123.047 37.6568
-123.114 37.6781
-123.179 37.7006
-123.244 37.7264
-123.31 37.7524
-123.376 37.7761
-123.443 37.7981
-123.516 37.8195
-123.582 37.8364
-123.647 37.8594
-123.707 37.8792
-123.774 37.8964
-123.838 37.9221
-123.892 37.9553
-123.948 37.9857
-124.008 38.0252
-124.059 38.0551
-124.121 38.086
-124.185 38.1116
-124.239 38.1432
-124.303 38.1762
-124.362 38.1993
-124.423 38.219
-124.485 38.2477
-124.542 38.2695
-124.606 38.288
-124.666 38.3046
-124.725 38.3251
-124.784 38.3483
-124.847 38.3701
-124.905 38.3909
-124.965 38.4144
-125.023 38.4386
-125.084 38.4615
-125.142 38.4897
-125.203 38.5167
-125.267 38.5396
-125.32 38.5552
-125.38 38.5776
-125.438 38.5963
-125.497 38.6177
-125.558 38.6461
-125.614 38.6629
-125.67 38.6832
-125.726 38.7095
-125.785 38.7344
-125.847 38.7483
-125.908 38.7713
-125.965 38.793
-126.026 38.8199
-126.081 38.8381
-126.142 38.8673
-126.2 38.8884
-126.262 38.9134
-126.319 38.9384
-126.376 38.9565
-126.43 38.9774
-126.486 39.0022
-126.54 39.0309
-126.598 39.0572
-126.656 39.0817
-126.713 39.1067
-126.767 39.1303
-126.824 39.1504
-126.882 39.1709
-126.94 39.1917
-126.998 39.2164
-127.06 39.2357
-127.117 39.2557
-127.18 39.2755
-127.238 39.2951
-127.296 39.312
-127.36 39.328
-127.417 39.3491
-127.479 39.3743
-127.537 39.397
-127.595 39.4098
-127.657 39.4278
-127.713 39.4482
-127.773 39.4676
-127.828 39.4888
-127.884 39.5148
-127.944 39.5461
-128.006 39.574
-128.061 39.595
-128.116 39.6196
-128.167 39.6379
-128.229 39.6602
-128.283 39.6765
-128.342 39.7029
-128.398 39.7253
-128.459 39.7513
-128.513 39.7748
-128.572 39.8017
-128.628 39.8274
-128.682 39.8563
-128.741 39.8803
-128.792 39.903
-128.849 39.9261
-128.903 39.941
-128.964 39.9617
-129.026 39.9868
-129.084 39.9976
-129.145 40.0231
-129.204 40.0418
-129.259 40.0614
-129.319 40.0889
-129.38 40.1178
-129.436 40.1455
-129.49 40.1701
-129.546 40.1956
-129.604 40.2258
-129.661 40.2563
-129.716 40.2865
-129.775 40.3101
-129.831 40.3347
-129.889 40.3601
-129.943 40.3847
-129.998 40.4078
-130.053 40.429
-130.118 40.454
-130.172 40.4768
-130.227 40.5003
-130.279 40.5321
-130.338 40.5626
-130.394 40.5832
-130.449 40.5995
-130.502 40.6215
-130.558 40.6457
-130.609 40.6618
-130.659 40.6785
-130.707 40.6922
-130.761 40.7082
-130.813 40.7241
-130.866 40.7494
-130.919 40.7712
-130.968 40.7888
-131.021 40.8062
-131.076 40.8318
-131.124 40.8512
-131.174 40.8709
-131.229 40.8898
-131.281 40.9111
-131.331 40.9306
-131.38 40.9478
-131.428 40.9702
-131.477 40.9881
-131.526 41.0027
-131.578 41.021
-131.624 41.0365
-131.672 41.0512
-131.716 41.0665
-131.761 41.0829
-131.81 41.1007
-131.858 41.1223
-131.903 41.1399
-131.949 41.154
-131.998 41.1715
-132.042 41.1905
-132.086 41.2075
-132.14 41.2199
-132.188 41.2311
-132.233 41.2455
-132.276 41.2585
-132.319 41.2647
-132.363 41.2701
-132.407 41.2778
-132.448 41.2917
-132.485 41.3026
-132.527 41.3177
-132.571 41.3377
-132.612 41.3501
-132.656 41.3614
-132.699 41.3701
-132.741 41.3826
-132.784 41.4012
-132.826 41.4107
-132.868 41.4164
-132.911 41.4229
-132.953 41.4315
-132.996 41.44
-133.035 41.4453
-133.074 41.4546
-133.115 41.4667
-133.159 41.4783
-133.2 41.4872
-133.24 41.4945
-133.283 41.5044
-133.326 41.514
-133.37 41.5228
-133.415 41.5334
-133.458 41.5432
-133.502 41.5594
-133.547 41.5722
-133.596 41.5864
-133.64 41.5992
-133.69 41.6112
-133.741 41.6212
-133.788 41.6287
-133.838 41.6426
-133.892 41.6556
-133.942 41.671
-133.991 41.6824
-134.047 41.6953
-134.104 41.7047
-134.16 41.7186
-134.216 41.7308
-134.275 41.753
-134.328 41.7584
-134.389 41.7646
-134.447 41.7835
-134.505 41.7974
-134.565 41.8075
-134.628 41.8238
-134.69 41.8302
-134.752 41.8463
-134.816 41.8553
-134.878 41.8614
-134.94 41.8703
-135.005 41.8774
-135.065 41.8844
-135.125 41.8955
-135.187 41.9062
-135.25 41.9185
-135.309 41.9302
-135.367 41.9371
-135.43 41.9465
-135.488 41.9579
-135.552 41.9695
-135.61 41.9826
-135.673 41.9914
-135.734 41.9998
-135.793 42.0163
-135.853 42.0301
-135.91 42.0381
-135.969 42.0439
-136.028 42.0576
-136.085 42.0719
-136.142 42.082
-136.201 42.0854
-136.258 42.0934
-136.318 42.1063
-136.376 42.121
-136.432 42.1309
-136.492 42.1385
-136.55 42.1465
-136.607 42.1597
-136.664 42.176
-136.722 42.189
-136.781 42.1933
-136.838 42.2019
-136.894 42.2125
-136.95 42.2251
-137.007 42.2222
-137.065 42.229
-137.123 42.2372
-137.175 42.24
-137.233 42.2524
-137.287 42.2576
-137.343 42.2623
-137.404 42.2679
-137.457 42.2757
-137.514 42.2806
-137.574 42.2857
-137.632 42.2952
-137.687 42.3045
-137.74 42.3026
-137.796 42.3065
-137.856 42.3199
-137.912 42.3224
-137.964 42.3173
-138.02 42.3322
-138.076 42.3436
-138.132 42.3377
-138.189 42.3454
-138.241 42.3565
-138.298 42.366
-138.35 42.3654
-138.404 42.3647
-138.458 42.3726
-138.513 42.3794
-138.568 42.3825
-138.623 42.3824
-138.676 42.3866
-138.729 42.3868
-138.781 42.3859
-138.839 42.3822
-138.893 42.3908
-138.942 42.4037
-138.998 42.4059
-139.042 42.4227
-139.093 42.4253
-139.142 42.4254
-139.192 42.4306
-139.245 42.4306
-139.3 42.4315
-139.35 42.4377
-139.401 42.4423
-139.457 42.4402
-139.508 42.4424
-139.557 42.4468
-139.608 42.4514
-139.661 42.4571
-139.715 42.4649
-139.767 42.4634
-139.816 42.4652
-139.866 42.4652
-139.914 42.4626
-139.969 42.4654
-140.024 42.4755
-140.073 42.4735
-140.122 42.4722
-140.172 42.4742
-140.224 42.4751
-140.275 42.4747
-140.322 42.4759
-140.377 42.4834
-140.429 42.4868
-140.479 42.4811
-140.529 42.4746
-140.579 42.4795
-140.632 42.4834
-140.686 42.485
-140.739 42.4893
-140.793 42.4917
-140.847 42.4894
-140.898 42.4856
-140.951 42.4884
-141.005 42.4928
-141.06 42.4908
-141.114 42.485
-141.172 42.4792
-141.227 42.4791
-141.28 42.4761
-141.338 42.4713
-141.395 42.473
-141.447 42.4796
-141.503 42.4746
-141.559 42.4726
-141.617 42.4702
-141.673 42.467
-141.724 42.4668
-141.784 42.4625
-141.842 42.458
-141.899 42.4556
-141.96 42.4499
-142.015 42.4458
-142.068 42.4469
-142.128 42.4443
-142.192 42.4446
-142.249 42.4426
-142.305 42.4383
-142.362 42.4319
-142.425 42.4275
-142.487 42.4236
-142.549 42.4254
-142.605 42.4254
-142.666 42.4313
-142.725 42.4257
-142.785 42.4263
-142.851 42.4206
-142.907 42.4133
-142.96 42.4083
-143.016 42.4064
-143.079 42.409
-143.141 42.403
-143.194 42.394
-143.251 42.3908
-143.31 42.3818
-143.372 42.3815
-143.426 42.3636
-143.486 42.3492
-143.541 42.3448
-143.596 42.3407
-143.655 42.3349
-143.711 42.3281
-143.768 42.3159
-143.827 42.309
-143.885 42.3085
-143.943 42.3076
-143.996 42.3046
-144.052 42.2984
-144.108 42.2953
-144.163 42.2913
-144.222 42.2862
-144.278 42.2675
-144.333 42.266
-144.39 42.2632
-144.447 42.256
-144.507 42.2271
-144.562 42.2157
-144.617 42.2049
-144.674 42.1932
-144.728 42.1866
-144.786 42.1801
-144.842 42.1741
-144.896 42.1673
-144.95 42.1544
-145.004 42.1361
-145.057 42.1276
-145.111 42.1196
-145.168 42.1034
-145.216 42.0929
-145.27 42.084
-145.323 42.0728
-145.376 42.0641
-145.43 42.0513
-145.482 42.0379
-145.533 42.0226
-145.597 42.0137
-145.648 42.0029
-145.699 41.993
-145.754 41.9801
-145.805 41.971
-145.858 41.9594
-145.909 41.9444
-145.966 41.9364
-146.02 41.9187
-146.075 41.8987
-146.125 41.8794
-146.176 41.869
-146.229 41.8617
-146.28 41.8467
-146.333 41.8317
-146.388 41.8234
-146.444 41.8179
-146.5 41.8125
-146.553 41.7905
-146.606 41.7708
-146.66 41.7424
-146.713 41.731
-146.767 41.7208
-146.82 41.7023
-146.872 41.6845
-146.93 41.6632
-146.981 41.6491
-147.031 41.6339
-147.085 41.619
-147.143 41.6019
-147.202 41.5798
-147.255 41.5651
-147.312 41.5524
-147.367 41.5397
-147.426 41.5214
-147.482 41.504
-147.54 41.4979
-147.598 41.4745
-147.653 41.4596
-147.709 41.4436
-147.764 41.4298
-147.821 41.4039
-147.877 41.379
-147.935 41.3632
-147.998 41.3471
-148.052 41.3258
-148.113 41.3111
-148.175 41.2949
-148.23 41.2751
-148.286 41.2539
-148.351 41.2352
-148.412 41.2183
-148.47 41.1964
-148.536 41.175
-148.597 41.1641
-148.658 41.1431
-148.72 41.1174
-148.783 41.1002
-148.85 41.0775
-148.911 41.0546
-148.976 41.0321
-149.04 41.0068
-149.102 40.9799
-149.168 40.9603
-149.234 40.9357
-149.301 40.9089
-149.366 40.8908
-149.433 40.8717
-149.495 40.8465
-149.563 40.8305
-149.628 40.8081
-149.691 40.7868
-149.755 40.759
-149.821 40.7344
-149.894 40.7123
-149.96 40.6934
-150.023 40.6712
-150.091 40.6514
-150.156 40.63
-150.219 40.6013
-150.286 40.5686
-150.351 40.5471
-150.418 40.5166
-150.482 40.4918
-150.544 40.4721
-150.607 40.4542
-150.67 40.4277
-150.732 40.3991
-150.796 40.3725
-150.861 40.3433
-150.925 40.3188
-150.989 40.2949
-151.054 40.272
-151.12 40.2474
-151.179 40.2208
-151.239 40.1907
-151.296 40.1705
-151.358 40.1376
-151.415 40.1139
-151.477 40.0862
-151.536 40.0492
-151.599 40.0287
-151.661 40.0013
-151.714 39.9731
-151.773 39.951
-151.835 39.9278
-151.891 39.8964
-151.949 39.8732
-152.008 39.8527
-152.067 39.8248
-152.122 39.792
-152.179 39.7644
-152.233 39.7381
-152.292 39.7163
-152.35 39.6986
-152.403 39.6688
-152.456 39.6381
-152.511 39.6116
-152.567 39.5888
-152.62 39.5613
-152.672 39.5413
-152.731 39.5038
-152.782 39.4745
-152.835 39.4487
-152.887 39.4201
-152.936 39.397
-152.989 39.3704
-153.037 39.3444
-153.087 39.3167
-153.136 39.2843
-153.186 39.2592
-153.239 39.2388
-153.291 39.2114
-153.34 39.1822
-153.386 39.1558
-153.432 39.1328
-153.485 39.1052
-153.537 39.0747
-153.589 39.0518
-153.638 39.0268
-153.687 38.9996
-153.731 38.9737
-153.78 38.9447
-153.829 38.9153
-153.876 38.8921
-153.923 38.8735
-153.975 38.8481
-154.019 38.8146
-154.063 38.7836
-154.111 38.7541
-154.161 38.726
-154.21 38.7008
-154.257 38.6738
-154.305 38.645
-154.351 38.6144
-154.399 38.5887
-154.453 38.5543
-154.505 38.5246
-154.552 38.4999
-154.593 38.4679
-154.647 38.432
-154.696 38.4024
-154.744 38.3719
-154.802 38.3551
-154.851 38.3183
-154.898 38.2842
-154.945 38.2555
-154.997 38.2283
-155.049 38.1942
-155.097 38.1615
-155.146 38.1262
-155.199 38.1001
-155.249 38.0704
-155.3 38.0351
-155.351 38.0037
-155.402 37.9703
-155.449 37.9377
-155.496 37.9004
-155.545 37.862
-155.591 37.8258
-155.64 37.7776
-155.685 37.743
-155.736 37.706
-155.789 37.6741
-155.837 37.6316
-155.881 37.5942
-155.93 37.5575
-155.976 37.5211
-156.022 37.4829
-156.07 37.4481
-156.114 37.4096
-156.161 37.3731
-156.207 37.3382
-156.252 37.3036
-156.301 37.2714
-156.347 37.2327
-156.396 37.1987
-156.443 37.1637
-156.484 37.1246
-156.526 37.084
-156.576 37.0491
-156.621 37.0148
-156.668 36.9829
-156.712 36.9397
-156.751 36.8961
-156.794 36.8673
-156.838 36.8281
-156.883 36.7876
-156.931 36.7514
-156.972 36.7201
-157.013 36.6755
-157.052 36.6352
-157.094 36.5981
-157.141 36.5629
-157.184 36.5219
-157.225 36.4856
-157.271 36.4544
-157.312 36.4187
-157.353 36.374
-157.385 36.3383
-157.423 36.2986
-157.467 36.2592
-157.506 36.2195
-157.543 36.1642
-157.582 36.1261
-157.627 36.0855
-157.667 36.046
-157.705 36.0104
-157.746 35.9702
-157.788 35.9315
-157.828 35.8974
-157.863 35.8473
-157.9 35.8026
-157.944 35.7662
-157.982 35.7205
-158.02 35.6819
-158.066 35.6452
-158.106 35.6003
-158.139 35.5493
-158.184 35.5151
-158.224 35.471
-158.266 35.4251
-158.303 35.3831
-158.344 35.3388
-158.385 35.2986
-158.422 35.2528
-158.464 35.2072
-158.502 35.1611
-158.541 35.1146
-158.582 35.0682
-158.621 35.0275
-158.657 34.9762
-158.694 34.9307
-158.735 34.8808
-158.775 34.8326
-158.811 34.79
-158.853 34.7419
-158.89 34.696
-158.926 34.6485
-158.967 34.5992
-159.004 34.5518
-159.044 34.4992
-159.079 34.4501
-159.118 34.4013
-159.154 34.3539
-159.188 34.3066
-159.23 34.2506
-159.269 34.197
-159.311 34.1521
-159.349 34.0971
-159.385 34.0474
-159.423 33.9976
-159.461 33.9385
-159.5 33.8928
-159.537 33.8385
-159.577 33.7826
-159.614 33.7326
-159.656 33.6726
-159.693 33.6231
-159.727 33.5635
-159.77 33.5085
-159.807 33.4488
-159.841 33.3881
-159.886 33.338
-159.926 33.2802
-159.96 33.2204
-159.998 33.1584
-160.032 33.1051
-160.068 33.0445
-160.104 32.9872
-160.143 32.9288
-160.18 32.8692
-160.218 32.811
-160.25 32.7525
-160.288 32.6954
-160.323 32.6314
-160.352 32.5689
-160.387 32.5168
-160.422 32.4593
-160.452 32.3931
-160.49 32.3403
-160.522 32.2835
-160.551 32.2214
-160.579 32.1601
-160.619 32.0988
-160.648 32.0407
-160.681 31.9851
-160.72 31.9287
-160.747 31.8656
-160.778 31.8104
-160.815 31.7495
-160.84 31.6972
-160.872 31.6328
-160.905 31.5743
-160.937 31.5113
-160.965 31.4583
-160.996 31.3988
-161.028 31.3434
-161.062 31.2847
-161.091 31.2255
-161.121 31.1569
-161.148 31.0921
-161.175 31.0369
-161.205 30.9718
-161.232 30.9131
-161.255 30.8601
-161.283 30.7989
-161.315 30.7365
-161.34 30.6721
-161.367 30.6202
-161.393 30.5638
-161.415 30.4984
-161.446 30.4437
-161.468 30.3781
-161.493 30.3221
-161.52 30.2643
-161.542 30.2019
-161.566 30.147
-161.591 30.0921
-161.621 30.0299
-161.647 29.9758
-161.662 29.9074
-161.687 29.8528
-161.708 29.7961
-161.73 29.738
-161.755 29.6833
-161.774 29.6219
-161.796 29.5658
-161.823 29.5181
-161.849 29.4539
-161.876 29.3982
-161.897 29.3394
-161.916 29.2905
-161.938 29.2319
-161.96 29.1645
-161.983 29.1025
-162.003 29.0485
-162.022 28.9897
-162.045 28.9293
-162.064 28.8757
-162.086 28.8109
-162.106 28.7484
-162.126 28.6877
-162.148 28.6362
-162.17 28.5861
-162.191 28.5205
-162.211 28.4675
-162.232 28.4112
-162.255 28.3558
-162.274 28.2847
-162.29 28.2292
-162.311 28.1736
-162.329 28.1163
-162.345 28.0633
-162.363 28.003
-162.384 27.9394
-162.406 27.8847
-162.427 27.833
-162.446 27.7747
-162.464 27.7151
-162.484 27.6609
-162.502 27.6026
-162.525 27.543
-162.543 27.4849
-162.558 27.4266
-162.574 27.3714
-162.591 27.3184
-162.607 27.2506
-162.623 27.1959
-162.642 27.1352
-162.659 27.0783
-162.673 27.019
-162.689 26.9612
-162.71 26.9062
-162.726 26.8426
-162.743 26.7888
-162.763 26.7304
-162.783 26.6709
-162.804 26.6141
-162.822 26.551
-162.845 26.4801
-162.86 26.4233
-162.878 26.3693
-162.897 26.309
-162.915 26.2439
-162.932 26.1886
-162.944 26.1244
-162.965 26.059
-162.986 26.0109
-163.004 25.9458
-163.019 25.8874
-163.036 25.8267
-163.053 25.7701
-163.071 25.7092
-163.089 25.6522
-163.106 25.5927
-163.122 25.5324
-163.137 25.4753
-163.151 25.4123
-163.164 25.3506
-163.176 25.2885
-163.192 25.2416
-163.208 25.1824
-163.219 25.1185
-163.236 25.0591
-163.252 24.9982
-163.27 24.9399
-163.291 24.882
-163.309 24.8222
-163.328 24.766
-163.347 24.7098
-163.367 24.6474
-163.387 24.593
-163.404 24.5257
-163.421 24.4648
-163.434 24.4199
-163.451 24.3569
-163.469 24.2939
-163.482 24.2323
-163.497 24.1744
-163.512 24.1271
-163.525 24.0754
-163.538 24.0082
-163.552 23.9521
-163.564 23.8906
-163.578 23.842
-163.592 23.7925
-163.606 23.7382
-163.621 23.6781
-163.633 23.6216
-163.644 23.5651
-163.654 23.5078
-163.666 23.4576
-163.678 23.4029
-163.688 23.3541
-163.703 23.2975
-163.716 23.2425
-163.728 23.1895
-163.745 23.143
-163.761 23.0959
-163.775 23.0488
-163.79 23.0023
-163.805 22.9471
-163.815 22.8696
-163.83 22.8254
-163.846 22.7773
-163.858 22.7291
-163.87 22.6853
-163.883 22.6366
-163.895 22.5908
-163.907 22.5438
-163.919 22.4926
-163.928 22.4488
-163.937 22.4028
-163.95 22.354
-163.96 22.3024
-163.965 22.2557
-163.975 22.2152
-163.988 22.1722
-164 22.1275
-164.015 22.0815
-164.027 22.0436
-164.035 21.9968
-164.046 21.9504
-164.059 21.9035
-164.073 21.8633
-164.083 21.8264
-164.096 21.7797
-164.107 21.7424
-164.118 21.7008
-164.125 21.6494
-164.13 21.6028
-164.141 21.5575
-164.154 21.5134
-164.166 21.4776
-164.177 21.4234
-164.189 21.3739
-164.202 21.3284
-164.213 21.2781
-164.224 21.2325
-164.236 21.1826
-164.244 21.134
-164.254 21.0902
-164.268 21.0413
-164.282 20.9895
-164.293 20.9373
-164.298 20.891
-164.301 20.8442
-164.308 20.795
-164.315 20.7414
-164.326 20.6904
-164.337 20.6398
-164.348 20.5895
-164.357 20.5417
-164.365 20.4929
-164.375 20.4473
-164.392 20.399
-164.407 20.3563
-164.419 20.3069
-164.431 20.2608
-164.448 20.205
-164.456 20.1502
-164.467 20.0997
-164.478 20.0476
-164.487 19.9903
-164.494 19.9414
-164.501 19.8836
-164.509 19.8304
-164.52 19.7743
-164.534 19.7237
-164.554 19.6725
-164.575 19.6257
-164.593 19.5727
-164.609 19.5149
-164.624 19.4582
-164.642 19.4011
-164.658 19.3428
-164.667 19.2818
-164.676 19.2238
-164.688 19.167
-164.696 19.1071
-164.701 19.0441
-164.709 18.9824
-164.713 18.9236
-164.723 18.8709
-164.732 18.811
-164.743 18.7547
-164.756 18.6945
-164.769 18.6302
-164.779 18.5722
-164.791 18.5152
-164.8 18.4613
-164.817 18.4017
-164.831 18.3433
-164.846 18.2803
-164.855 18.2228
-164.867 18.1578
-164.883 18.101
-164.896 18.035
-164.908 17.9758
-164.919 17.9173
-164.93 17.8572
-164.95 17.8024
-164.963 17.7474
-164.972 17.6875
-164.99 17.6266
-165.009 17.5654
-165.017 17.505
-165.029 17.4365
-165.037 17.3766
-165.043 17.3168
-165.051 17.2581
-165.066 17.1993
-165.079 17.1398
-165.089 17.0875
-165.098 17.0233
-165.106 16.9636
-165.119 16.9027
-165.128 16.8386
-165.138 16.7778
-165.151 16.7151
-165.166 16.6577
-165.179 16.6001
-165.189 16.538
-165.202 16.4833
-165.216 16.4232
-165.23 16.3652
-165.244 16.3025
-165.258 16.2459
-165.274 16.1871
-165.287 16.1262
-165.3 16.0657
-165.312 16.0028
-165.322 15.9373
-165.332 15.8713
-165.342 15.8095
-165.349 15.7487
-165.36 15.6881
-165.367 15.6254
-165.38 15.5644
-165.394 15.4994
-165.404 15.4396
-165.415 15.3727
-165.423 15.3017
-165.435 15.2415
-165.449 15.1756
-165.461 15.113
-165.469 15.0431
-165.479 14.981
-165.489 14.9183
-165.505 14.8509
-165.519 14.7878
-165.529 14.7197
-165.537 14.6521
-165.549 14.5807
-165.56 14.5165
-165.563 14.45
-165.569 14.3789
-165.583 14.3092
-165.594 14.2335
-165.613 14.1819
-165.627 14.1177
-165.641 14.0446
-165.653 13.9755
-165.668 13.9097
-165.683 13.8452
-165.695 13.7757
-165.702 13.6948
-165.704 13.6132
-165.724 13.5481
-165.736 13.4727
-165.748 13.3999
-165.757 13.3331
-165.769 13.2557
-165.785 13.1896
-165.793 13.1174
-165.802 13.0372
-165.81 12.9732
-165.819 12.8978
-165.842 12.8172
-165.858 12.7515
-165.864 12.6808
-165.875 12.6071
-165.884 12.5349
-165.901 12.4575
-165.92 12.3895
-165.918 12.3151
-165.927 12.2504
-165.943 12.1726
-165.955 12.0992
-165.961 12.0239
-165.969 11.9471
-165.989 11.8835
-166.001 11.8135
-166.013 11.7433
-166.027 11.665
-166.038 11.5939
-166.049 11.5186
-166.064 11.4503
-166.077 11.3759
-166.086 11.3051
-166.096 11.2243
-166.104 11.1444
-166.113 11.0668
-166.127 11.0002
-166.133 10.927
-166.138 10.8582
-166.147 10.7867
-166.154 10.7137
-166.163 10.6451
-166.176 10.5836
-166.187 10.5166
-166.195 10.4444
-166.197 10.3679
-166.203 10.3075
-166.209 10.2409
-166.215 10.179
-166.219 10.1059
-166.226 10.0478
-166.233 9.98272
-166.244 9.92291
-166.248 9.85008
-166.246 9.80139
-166.254 9.74231
-166.257 9.6792
-166.257 9.62185
-166.259 9.55322
-166.265 9.49027
-166.272 9.43332
-166.284 9.37377
-166.297 9.32076
-166.304 9.26279
-166.307 9.2044
-166.311 9.15254
-166.32 9.09249
-166.332 9.04206
-166.342 8.99585
-166.349 8.93319
-166.354 8.87748
-166.355 8.82993
-166.344 8.7548
-166.349 8.70094
-166.353 8.65195
-166.36 8.61221
-166.37 8.57471
-166.374 8.5103
-166.378 8.46137
-166.382 8.42538
-166.387 8.38314
-166.391 8.3295
-166.395 8.27773
-166.398 8.24558
-166.403 8.20567
-166.411 8.15991
-166.421 8.12297
-166.423 8.07882
-166.423 8.03262
-166.421 7.99627
-166.421 7.95689
-166.436 7.93877
-166.438 7.90538
-166.44 7.8734
-166.444 7.83426
-166.449 7.79585
-166.453 7.76397
-166.455 7.73278
-166.457 7.70238
-166.457 7.67105
-166.457 7.64148
-166.46 7.61204
-166.464 7.58097
-166.47 7.55559
-166.476 7.53359
-166.479 7.50643
-166.483 7.47813
-166.488 7.44833
-166.489 7.42091
-166.49 7.39695
-166.49 7.38087
-166.491 7.35505
-166.494 7.33266
-166.496 7.30794
-166.499 7.2832
-166.499 7.26031
-166.501 7.24064
-166.505 7.22189
-166.506 7.20428
-166.508 7.18758
-166.508 7.17025
-166.51 7.15217
-166.511 7.13621
-166.513 7.1225
-166.516 7.10763
-166.517 7.09379
-166.518 7.08074
-166.519 7.06792
-166.519 7.05581
-166.519 7.04341
-166.519 7.03329
-166.523 7.02158
-166.523 7.01126
-166.523 7.00041
-166.524 6.99012
-166.524 6.97915
-166.526 6.96853
-166.526 6.95812
-166.526 6.94692
-166.527 6.93788
-166.528 6.92983
-166.529 6.9208
-166.531 6.91314
-166.533 6.90692
-166.535 6.90003
-166.539 6.89292
-166.539 6.88588
-166.54 6.87755
-166.541 6.86803
-166.541 6.85866
-166.543 6.84758
-166.543 6.84195
-166.544 6.83018
-166.545 6.81994
-166.546 6.81056
-166.546 6.80129
-166.548 6.79272
-166.548 6.78372
-166.549 6.77642
-166.549 6.76859
-166.548 6.7601
-166.55 6.7509
-166.55 6.74162
-166.551 6.73336
-166.552 6.72448
-166.554 6.71441
-166.556 6.70576
-166.557 6.69719
-166.559 6.68777
-166.56 6.67897
-166.561 6.66868
-166.563 6.66191
-166.565 6.65251
-166.566 6.6444
-166.567 6.63616
-166.568 6.62732
-166.57 6.62032
-166.572 6.61316
-166.572 6.60428
-166.573 6.59431
-166.574 6.58539
-166.575 6.57651
-166.576 6.56704
-166.577 6.55592
-166.577 6.54679
-166.579 6.53715
-166.582 6.52994
-166.582 6.52107
-166.583 6.51243
-166.584 6.505
-166.586 6.49718
-166.585 6.49255
-166.587 6.48623
-166.588 6.47891
-166.589 6.47138
-166.588 6.4634
-166.589 6.45766
-166.59 6.45009
-166.59 6.44343
-166.591 6.43571
-166.592 6.42856
-166.594 6.42041
-166.595 6.4114
-166.595 6.40403
-166.596 6.39674
-166.596 6.38912
-166.597 6.38009
-166.597 6.37174
-166.596 6.36322
-166.596 6.35413
-166.595 6.34711
-166.596 6.34016
-166.594 6.32883
-166.594 6.31962
-166.594 6.31107
-166.595 6.30241
-166.596 6.29352
-166.598 6.28362
-166.598 6.27388
-166.6 6.26414
-166.601 6.25479
-166.601 6.24619
-166.601 6.23721
-166.601 6.22605
-166.601 6.21554
-166.602 6.20613
-166.603 6.19607
-166.604 6.18558
-166.604 6.17517
-166.604 6.16376
-166.606 6.15291
-166.607 6.14155
-166.607 6.12992
-166.608 6.11841
-166.609 6.1058
-166.614 6.09502
-166.614 6.08347
-166.614 6.07297
-166.615 6.06277
-166.616 6.05336
-166.616 6.04332
-166.616 6.0345
-166.616 6.02315
-166.617 6.01141
-166.617 6.00138
-166.619 5.9876
-166.62 5.97476
-166.621 5.96304
-166.621 5.95199
-166.622 5.94204
-166.623 5.93382
-166.618 5.92383
-166.618 5.91621
-166.619 5.90793
-166.619 5.89817
-166.62 5.88985
-166.62 5.8822
-166.62 5.87288
-166.62 5.86271
-166.62 5.85371
-166.621 5.84388
-166.621 5.83551
-166.623 5.82567
-166.625 5.81446
-166.627 5.80433
-166.63 5.79361
-166.631 5.7814
-166.632 5.76968
-166.632 5.7576
-166.633 5.74637
-166.633 5.73312
-166.633 5.71593
-166.634 5.70069
-166.635 5.68284
-166.637 5.66828
-166.637 5.65145
-166.64 5.63646
-166.641 5.62264
-166.642 5.60746
-166.643 5.59115
-166.642 5.56977
-166.641 5.54626
-166.638 5.52595
-166.638 5.5071
-166.637 5.48673
-166.638 5.46487
-166.641 5.44349
-166.644 5.42078
-166.644 5.39498
-166.644 5.36862
-166.645 5.3444
-166.647 5.32194
-166.651 5.30264
-166.65 5.27824
-166.65 5.25349
-166.65 5.22578
-166.65 5.19975
-166.648 5.16988
-166.651 5.14319
-166.653 5.11533
-166.655 5.08829
-166.654 5.06495
-166.653 5.03707
-166.654 5.00506
-166.655 4.97475
-166.655 4.94618
-166.655 4.9172
-166.656 4.8838
-166.656 4.84693
-166.653 4.81293
-166.65 4.78236
-166.648 4.74828
-166.647 4.71822
-166.645 4.68219
-166.641 4.63876
-166.639 4.59714
-166.639 4.55481
-166.641 4.51271
-166.64 4.47276
-166.635 4.42877
-166.629 4.38887
-166.626 4.34343
-166.623 4.2973
-166.62 4.24835
-166.614 4.20145
-166.61 4.15382
-166.608 4.10795
-166.605 4.05876
-166.597 4.01627
-166.591 3.97077
-166.59 3.92253
-166.584 3.86743
-166.57 3.80969
-166.554 3.75611
-166.542 3.70233
-166.53 3.65137
-166.516 3.59242
-166.505 3.53853
-166.496 3.49272
-166.488 3.43454
-166.476 3.38118
-166.467 3.3289
-166.458 3.2758
-166.447 3.22659
-166.433 3.17387
-166.42 3.12818
-166.409 3.08479
-166.4 3.03196
-166.392 2.9904
-166.379 2.93742
-166.366 2.88953
-166.35 2.85026
-166.334 2.8035
-166.326 2.75303
-166.312 2.704
-166.301 2.66169
-166.289 2.62326
-166.273 2.58004
-166.265 2.53796
-166.255 2.49071
-166.244 2.44666
-166.227 2.40871
-166.211 2.36651
-166.195 2.32497
-166.182 2.28197
-166.17 2.23342
-166.154 2.1914
-166.142 2.15155
-166.131 2.10482
-166.116 2.06237
-166.101 2.01711
-166.084 1.97304
-166.063 1.91458
-166.044 1.86358
-166.025 1.82409
-166.004 1.77993
-165.99 1.73339
-165.972 1.68751
-165.951 1.64227
-165.93 1.60076
-165.906 1.55051
-165.888 1.49948
-165.869 1.45906
-165.847 1.4144
-165.825 1.3702
-165.805 1.3271
-165.782 1.28227
-165.76 1.24187
-165.739 1.19811
-165.719 1.15417
-165.697 1.11728
-165.669 1.06794
-165.642 1.02771
-165.617 0.988391
-165.59 0.94217
-165.569 0.898157
-165.545 0.856788
-165.521 0.817259
-165.498 0.773257
-165.472 0.730407
-165.448 0.693015
-165.425 0.653107
-165.399 0.605617
-165.378 0.569069
-165.348 0.527982
-165.318 0.491693
-165.29 0.452581
-165.26 0.413085
-165.232 0.3764
-165.205 0.338477
-165.179 0.300849
-165.152 0.253785
-165.124 0.217449
-165.097 0.179148
-165.067 0.143899
-165.043 0.104581
-165.011 0.0622029
-164.978 0.0271909
-164.951 -0.00225969
-164.922 -0.0393559
-164.895 -0.0764906
-164.871 -0.110197
-164.847 -0.147254
-164.819 -0.183622
-164.791 -0.217859
-164.763 -0.250992
-164.729 -0.283958
-164.695 -0.326835
-164.663 -0.369511
-164.627 -0.40822
-164.593 -0.446366
-164.561 -0.482593
-164.527 -0.516505
-164.494 -0.547565
-164.457 -0.590354
-164.417 -0.631326
-164.385 -0.663547
-164.35 -0.699737
-164.31 -0.736816
-164.275 -0.777637
-164.244 -0.816898
-164.206 -0.852336
-164.165 -0.886594
-164.126 -0.917751
-164.086 -0.94703
-164.045 -0.987693
-164.004 -1.02346
-163.961 -1.05751
-163.922 -1.08815
-163.887 -1.1206
-163.846 -1.16272
-163.803 -1.19888
-163.754 -1.22686
-163.706 -1.27523
-163.666 -1.30809
-163.622 -1.34205
-163.577 -1.37662
-163.529 -1.41664
-163.486 -1.45579
-163.445 -1.49248
-163.397 -1.53327
-163.346 -1.56758
-163.299 -1.60568
-163.247 -1.63816
-163.195 -1.6661
-163.14 -1.69508
-163.084 -1.72703
-163.03 -1.75846
-162.976 -1.78962
-162.927 -1.8208
-162.877 -1.85312
-162.822 -1.8915
-162.765 -1.9145
-162.71 -1.94117
-162.658 -1.96615
-162.604 -1.99245
-162.549 -2.01283
-162.496 -2.03452
-162.448 -2.06124
-162.395 -2.0892
-162.346 -2.11839
-162.293 -2.14146
-162.238 -2.17115
-162.187 -2.19672
-162.135 -2.22744
-162.085 -2.25097
-162.031 -2.27078
-161.98 -2.28945
-161.927 -2.31127
-161.88 -2.32843
-161.828 -2.36168
-161.776 -2.38423
-161.722 -2.39893
-161.67 -2.41456
-161.621 -2.45171
-161.568 -2.47566
-161.512 -2.49377
-161.464 -2.50659
-161.411 -2.53065
-161.356 -2.55308
-161.297 -2.57298
-161.244 -2.59541
-161.194 -2.61351
-161.141 -2.63337
-161.09 -2.65044
-161.037 -2.67071
-160.986 -2.68879
-160.932 -2.70583
-160.881 -2.72854
-160.837 -2.74036
-160.786 -2.7549
-160.736 -2.77151
-160.684 -2.76322
-160.63 -2.78181
-160.58 -2.79141
-160.521 -2.80902
-160.47 -2.82126
-160.417 -2.84025
-160.366 -2.85673
-160.317 -2.86257
-160.265 -2.87111
-160.211 -2.8793
-160.157 -2.89991
-160.106 -2.91362
-160.052 -2.92501
-159.997 -2.93573
-159.94 -2.94849
-159.885 -2.95979
-159.829 -2.9829
-159.772 -2.99759
-159.719 -3.01007
-159.664 -3.01542
-159.605 -3.02158
-159.553 -3.03281
-159.493 -3.0488
-159.432 -3.05369
-159.378 -3.05587
-159.319 -3.05886
-159.259 -3.07778
-159.204 -3.09585
-159.15 -3.11039
-159.09 -3.11043
-159.029 -3.11379
-158.971 -3.12611
-158.915 -3.14134
-158.859 -3.15599
-158.804 -3.15903
-158.745 -3.16393
-158.678 -3.18219
-158.615 -3.20023
-158.557 -3.20734
-158.5 -3.21102
-158.442 -3.21879
-158.382 -3.22853
-158.319 -3.24018
-158.26 -3.25234
-158.202 -3.26525
-158.14 -3.27994
-158.083 -3.29028
-158.026 -3.30249
-157.966 -3.3163
-157.906 -3.3203
-157.845 -3.34268
-157.787 -3.36233
-157.727 -3.36352
-157.666 -3.36286
-157.607 -3.37046
-157.546 -3.38201
-157.486 -3.39522
-157.426 -3.40788
-157.364 -3.41272
-157.301 -3.40234
-157.243 -3.41289
-157.186 -3.41986
-157.13 -3.4253
-157.069 -3.43488
-157.008 -3.44343
-156.949 -3.44837
-156.891 -3.45122
-156.832 -3.47106
-156.772 -3.48299
-156.709 -3.47898
-156.65 -3.48242
-156.593 -3.49536
-156.536 -3.50425
-156.475 -3.51733
-156.42 -3.52848
-156.365 -3.53872
-156.302 -3.55219
-156.245 -3.56978
-156.193 -3.58475
-156.132 -3.60602
-156.075 -3.61451
-156.024 -3.62798
-155.966 -3.64536
-155.903 -3.63287
-155.847 -3.63194
-155.788 -3.63482
-155.729 -3.64592
-155.668 -3.65429
-155.612 -3.66825
-155.555 -3.67615
-155.499 -3.68435
-155.44 -3.6909
-155.384 -3.70697
-155.327 -3.71314
-155.264 -3.72975
-155.21 -3.74037
-155.157 -3.735
-155.097 -3.74319
-155.044 -3.75552
-154.987 -3.76861
-154.925 -3.79755
-154.867 -3.80822
-154.809 -3.81539
-154.756 -3.81573
-154.7 -3.82785
-154.645 -3.83695
-154.594 -3.84706
-154.534 -3.861
-154.483 -3.86667
-154.427 -3.88188
-154.368 -3.89396
-154.318 -3.90389
-154.268 -3.90844
-154.214 -3.91797
-154.162 -3.93279
-154.114 -3.93267
-154.066 -3.93422
-154.016 -3.93996
-153.968 -3.94651
-153.921 -3.95049
-153.871 -3.94329
-153.82 -3.95485
-153.773 -3.97144
-153.729 -3.98268
-153.683 -3.99066
-153.633 -4.00304
-153.583 -4.01644
-153.533 -4.02757
-153.488 -4.03667
-153.444 -4.04795
-153.401 -4.05212
-153.357 -4.05629
-153.31 -4.07351
-153.261 -4.07357
-153.219 -4.07806
-153.174 -4.09037
-153.126 -4.10358
-153.082 -4.11556
-153.037 -4.1273
-152.991 -4.14403
-152.944 -4.15091
-152.901 -4.15827
-152.863 -4.1568
-152.82 -4.16247
-152.78 -4.17362
-152.74 -4.18035
-152.698 -4.18561
-152.658 -4.19138
-152.618 -4.19804
-152.581 -4.20232
-152.543 -4.20665
-152.505 -4.2101
-152.473 -4.21314
-152.441 -4.22169
-152.407 -4.2273
-152.372 -4.23362
-152.34 -4.23785
-152.311 -4.24188
-152.279 -4.24316
-152.249 -4.243
-152.22 -4.24461
-152.193 -4.24113
-152.166 -4.24402
-152.141 -4.24655
-152.122 -4.2486
-152.104 -4.25524
-152.082 -4.26529
-152.062 -4.27044
-152.044 -4.27599
-152.03 -4.28019
-152.016 -4.28583
-152.002 -4.29061
-151.991 -4.29329
