24.823882996590903  60.187958205331576
24.823683766683484  60.187818512639225
24.823565511776398  60.187774597535004
24.823408707689733  60.187811704153461
24.823316313734775  60.187900033344938
24.823360626990642  60.188075252056571
24.823506603709156  60.188260816991118
24.824153782732722  60.188812781974363
24.824303121066709  60.188921303949940
24.824599326700611  60.188914512639094
24.825226627307504  60.188721935526971
24.825539044044028  60.188513095479443
24.825153032957086  60.188263457943933
24.824852240938348  60.187951745404682
24.824464906942378  60.187565574993158
24.824403660849057  60.187550637194647
24.823699542169965  60.187743764611582
24.823761599646801  60.187878026463487
24.824161218653245  60.188107519863259